65 46
119 27
74 157
28 44
6 52
157 71
157 15
X
133 160
131 38
98 88
44 86
97 167
116 53
63 15
54 126
X
166 178
35 135
51 24
4 118
171 146
131 109
54 139
124 129
107 68
17 133
26 165
73 147
61 14
121 9
160 12
38 50
68 175
34 145
121 80
80 143
187 68
151 41
X
16 42
127 67
62 175
138 20
109 86
129 45
84 81
5 27
118 92
150 169
87 101
125 11
88 112
55 54
38 65
4 74
7 154
98 148
141 176
X
X
46 65
38 91
49 17
178 120
36 110
X
63 11
102 69
76 96
66 155
19 186
160 33
54 157
X
64 94
182 4
179 70
67 161
72 188
38 28
X
70 75
X
151 28
1 179
84 30
174 31
178 158
X
25 195
155 70
32 31
78 16
128 24
122 28
53 194
27 47
27 97
160 52
132 159
132 130
169 141
136 150
80 58
153 84
23 17
5 117
158 101
48 169
95 159
126 91
105 188
18 134
24 68
38 175
51 36
188 39
96 164
55 53
122 162
180 83
66 40
81 143
70 162
166 173
16 92
52 40
103 153
64 45
90 54
101 12
74 81
128 63
88 29
148 52
36 173
184 151
52 44
110 130
8 15
147 162
69 56
41 77
28 124
31 91
65 6
13 178
27 129
106 60
189 12
113 98
193 118
148 144
145 33
74 34
189 194
191 77
172 110
X
104 175
14 188
135 120
60 163
13 12
80 129
13 25
133 38
71 3
193 194
158 130
162 12
3 21
152 55
83 45
41 84
159 154
127 52
98 7
73 93
128 39
170 192
51 41
113 11
188 114
29 26
68 182
90 7
44 166
164 56
146 120
101 149
82 44
19 153
74 128
68 60
6 12
146 149
146 52
182 104
42 125
134 42
137 156
X
183 192
92 196
162 118
183 152
94 92
67 158
135 128
107 180
162 123
120 104
55 171
147 91
84 98
136 112
106 187
72 139
98 33
67 72
44 50
54 44
73 56
137 14
94 197
191 160
177 109
51 144
105 144
98 107
X
28 150
113 179
77 120
154 91
27 173
74 98
122 74
39 173
123 31
72 152
X
84 99
65 102
193 18
119 26
190 47
70 40
8 114
35 144
91 197
189 35
67 155
145 195
28 42
4 91
173 160
25 125
75 86
142 57
7 110
63 129
99 113
134 126
194 89
117 25
123 175
194 115
138 96
40 116
162 169
138 11
77 98
156 10
126 121
49 89
7 98
26 141
158 38
53 84
72 57
42 123
79 73
121 76
80 46
156 13
161 110
178 169
74 89
185 75
174 32
105 142
119 47
117 89
31 106
161 29
7 71
88 113
41 19
179 69
148 146
128 67
68 57
4 149
177 62
104 132
21 5
79 32
67 105
9 99
10 154
137 144
179 106
166 154
53 14
10 28
107 84
X
33 184
154 176
32 56
106 13
182 138
123 60
13 190
27 119
171 181
130 24
44 62
X
38 55
125 122
147 181
191 87
127 10
110 14
122 31
129 4
30 27
140 156
183 183
139 174
21 27
X
88 69
138 108
136 119
123 160
97 108
26 168
173 162
52 117
24 121
36 54
44 98
56 75
42 50
82 46
59 155
37 135
159 13
141 120
82 88
163 169
51 43
147 88
108 73
12 181
161 167
56 163
100 7
23 35
175 97
135 10
63 3
63 171
196 96
165 179
61 5
88 122
157 144
75 65
133 110
75 1
105 189
34 146
110 55
157 138
174 8
1 91
120 131
40 173
159 173
55 42
56 59
192 2
138 77
X
2 192
191 187
23 26
112 39
108 126
63 177
31 118
49 166
49 30
11 168
91 133
42 48
41 5
138 103
143 44
3 139
139 104
116 163
44 47
49 6
146 121
41 31
37 175
68 134
69 7
42 39
37 169
133 140
119 163
106 73
57 79
10 165
52 150
180 81
25 148
166 4
71 37
52 102
X
78 122
74 162
X
159 78
137 102
103 164
166 135
75 178
125 123
75 29
143 195
33 127
44 163
94 191
12 3
X
121 107
71 89
188 22
X
128 2
79 76
190 18
29 114
45 6
28 81
69 46
70 163
183 179
144 57
137 150
147 75
20 119
33 105
89 34
23 194
168 135
134 71
105 36
78 36
89 147
31 174
24 191
55 104
92 184
31 107
56 89
137 113
25 42
90 189
81 44
11 13
156 5
68 59
17 74
172 180
192 35
122 26
170 178
157 195
114 85
141 144
115 27
41 30
141 10
162 15
31 190
164 86
103 50
181 118
120 132
134 23
106 123
23 193
138 16
177 170
78 108
X
4 151
X
81 89
X
176 168
115 179
193 115
33 6
X
141 146
181 92
53 44
94 81
22 101
147 36
45 157
132 128
74 160
68 45
63 47
76 189
64 71
112 121
197 182
98 50
34 56
144 106
51 127
65 182
42 119
170 48
26 16
26 42
102 7
138 156
39 147
77 80
34 17
67 137
5 101
12 74
150 160
106 48
59 89
99 195
42 65
93 83
173 65
71 36
6 26
23 41
148 145
79 158
115 86
76 83
76 160
87 59
143 54
145 32
179 60
X
20 102
54 68
20 104
83 48
28 148
30 148
68 179
125 176
57 194
98 165
110 190
146 165
X
25 43
49 104
X
54 115
155 9
116 144
X
160 74
124 13
88 27
179 71
65 104
15 188
151 177
87 145
153 86
18 177
108 38
160 110
125 51
7 119
157 143
185 76
110 32
23 65
23 14
194 113
181 123
195 97
64 1
164 58
34 195
137 119
21 26
90 8
86 113
X
130 156
157 106
104 92
57 74
10 112
126 131
67 157
10 26
63 176
177 81
143 143
34 186
152 50
105 71
154 86
134 146
8 76
92 138
92 107
67 114
18 123
100 28
61 155
87 35
104 174
69 168
95 23
105 182
81 1
57 85
13 38
104 131
34 152
157 3
38 182
4 176
80 16
87 34
15 176
22 28
X
X
77 161
103 161
82 4
52 77
31 66
32 192
43 3
188 172
84 138
36 17
20 5
194 86
162 192
193 21
53 5
52 153
19 60
22 9
150 117
66 177
182 94
96 63
42 133
148 6
193 20
156 120
134 54
65 120
191 188
88 170
122 111
52 173
157 5
148 95
155 142
112 34
188 143
154 90
24 46
160 127
96 83
33 55
72 93
X
67 139
175 164
120 148
56 187
X
160 191
165 172
45 105
123 171
50 187
135 123
X
60 87
105 34
54 158
150 16
181 108
55 187
123 105
195 113
66 7
164 85
140 15
107 58
193 88
125 179
47 55
137 103
126 2
158 107
154 134
169 142
188 88
97 79
56 32
40 165
53 192
71 136
177 117
72 67
67 32
118 105
145 40
148 181
152 20
88 154
34 19
49 194
X
175 154
120 10
43 85
89 112
112 33
77 151
97 52
X
128 191
52 14
85 21
47 53
52 18
135 70
59 87
183 154
155 72
173 196
104 37
8 102
15 24
50 51
84 140
101 192
96 97
50 164
15 115
129 91
111 100
9 50
174 197
79 28
116 8
62 182
55 163
183 107
103 27
132 104
64 144
175 197
127 183
144 181
176 80
176 61
76 31
154 137
56 167
42 135
X
53 113
175 93
75 175
103 106
135 103
122 110
158 60
44 49
87 105
90 101
126 124
31 54
99 99
8 104
48 108
183 185
165 56
180 91
31 155
99 149
33 51
86 7
98 67
X
X
162 127
141 174
176 154
124 45
158 5
54 50
54 3
187 165
56 73
85 157
39 192
173 61
24 134
X
123 108
146 150
36 73
10 46
89 155
41 74
41 125
39 128
176 130
33 5
106 14
65 172
182 179
139 162
112 36
X
5 190
184 27
161 8
74 134
22 5
163 117
88 4
42 121
103 151
151 164
86 105
142 37
6 137
83 163
46 64
120 56
181 124
141 74
181 186
107 162
44 46
172 51
32 8
64 191
34 76
51 174
92 51
193 96
43 77
X
161 33
149 68
148 166
125 170
70 57
30 5
5 139
19 61
78 106
X
158 19
74 63
191 118
36 105
109 98
155 2
127 174
73 128
89 123
104 97
75 163
25 134
87 162
21 17
32 108
36 145
X
67 46
24 123
5 29
23 182
21 147
141 177
9 2
166 171
165 196
78 83
X
104 123
26 184
15 76
72 64
32 51
191 186
108 160
105 25
111 149
169 59
19 123
2 41
124 47
189 141
109 169
50 195
31 119
98 30
70 125
35 153
X
191 78
167 6
139 102
117 186
174 29
171 33
43 137
6 11
110 13
98 54
162 40
X
X
159 21
88 9
7 77
26 193
109 167
78 129
10 110
13 192
112 110
193 5
85 68
155 68
74 28
180 191
107 59
162 11
193 2
7 112
138 183
78 60
113 139
193 29
34 188
X
145 22
121 43
55 144
36 56
X
99 111
71 102
128 35
162 41
59 162
160 106
41 155
177 94
138 44
187 167
31 28
61 179
175 158
140 12
132 132
99 157
101 27
24 42
40 62
79 159
52 115
48 168
61 181
116 10
121 77
9 128
52 176
66 49
104 134
168 53
64 96
74 3
25 65
4 163
3 133
95 85
6 62
143 36
172 40
66 14
29 189
102 18
132 170
80 60
7 75
40 76
94 32
164 160
150 28
42 17
10 6
160 62
134 168
55 166
177 93
173 194
148 164
96 167
34 181
156 63
75 179
85 57
173 143
103 152
X
X
103 143
158 10
109 187
65 106
92 120
X
114 95
175 105
152 19
143 80
168 122
195 117
76 150
122 109
179 51
143 66
118 194
16 137
150 115
149 164
131 156
160 55
52 103
166 159
77 57
159 38
77 157
72 135
115 163
X
28 26
70 36
176 97
125 76
112 134
66 11
52 84
125 113
X
46 39
68 191
66 179
77 16
107 181
87 147
73 188
29 146
132 168
30 105
53 191
149 31
142 14
188 106
18 73
28 27
13 47
147 19
71 134
146 144
75 7
72 56
142 83
12 103
15 77
X
78 54
39 67
61 192
148 168
125 91
48 164
38 38
177 196
18 191
130 1
191 179
141 194
139 98
84 17
112 132
184 37
119 152
85 19
49 14
183 177
192 10
33 160
123 86
161 116
184 195
166 134
87 119
152 51
64 4
193 186
62 6
74 163
148 58
56 6
139 180
138 122
53 33
103 176
52 32
27 116
X
55 147
5 98
71 75
141 196
20 116
76 161
146 76
11 69
142 119
147 189
78 149
178 157
25 191
130 50
42 158
23 8
52 158
161 85
20 188
24 83
31 125
135 100
X
33 181
23 67
8 46
23 191
183 35
142 143
130 2
174 77
145 143
155 84
143 53
38 62
155 144
173 195
77 186
X
17 122
119 24
140 164
103 180
174 156
36 20
123 26
25 129
22 17
185 74
112 111
189 160
28 76
116 47
116 178
88 70
75 150
104 133
195 2
108 34
152 183
95 62
52 135
175 103
52 68
63 95
3 161
13 43
74 166
51 113
126 39
171 192
35 56
52 36
135 11
56 135
144 118
33 163
183 184
113 9
107 120
107 77
34 20
X
1 95
45 9
68 114
171 189
87 157
4 148
23 34
124 71
X
109 130
126 182
55 17
17 5
122 56
9 46
170 28
176 118
144 188
90 146
10 48
X
26 181
50 79
191 172
38 40
74 125
110 179
51 35
11 177
78 51
114 166
86 104
156 72
119 145
21 32
70 165
53 150
92 52
29 187
128 99
126 28
75 135
135 9
17 52
X
76 37
102 99
103 126
159 133
121 74
142 54
62 97
165 87
183 30
194 32
99 134
170 179
113 10
62 159
34 27
23 68
146 18
160 29
175 94
86 169
9 166
118 43
74 147
86 27
179 17
161 94
119 162
23 9
121 192
155 82
169 48
150 116
148 103
165 158
142 103
71 132
20 187
50 171
175 76
181 102
14 131
92 182
X
186 66
147 9
64 189
189 157
93 23
12 141
153 82
12 105
79 125
13 70
56 190
134 19
179 27
139 89
64 163
140 14
97 50
53 30
72 65
76 81
112 119
135 175
157 191
49 16
X
16 105
121 146
39 87
181 194
28 45
121 162
124 87
162 190
10 47
63 1
37 49
143 42
7 30
92 189
38 183
3 91
72 189
47 47
31 87
91 193
109 148
10 113
161 127
162 152
74 99
56 182
106 162
103 158
3 173
161 86
53 137
X
16 72
85 93
64 76
109 132
135 24
191 60
137 98
144 180
104 49
26 49
190 116
129 48
184 191
59 6
72 6
27 137
42 128
66 20
34 106
8 110
113 12
64 14
76 33
134 74
145 68
X
110 57
136 11
151 88
82 138
189 80
87 68
171 106
11 180
187 20
28 52
34 18
136 91
85 35
41 145
132 169
104 179
148 56
28 40
57 78
51 90
98 147
13 176
146 17
28 49
194 50
195 128
68 35
X
91 157
79 179
136 103
69 106
167 31
113 8
183 27
194 119
125 119
41 166
44 116
189 130
50 157
144 41
128 47
170 60
74 87
76 28
84 88
30 190
17 53
156 15
121 158
15 133
46 42
96 64
107 119
78 99
164 118
57 76
41 7
179 119
52 125
13 45
191 174
148 143
190 101
164 170
55 18
160 36
107 69
65 19
101 62
34 136
59 160
17 77
X
81 86
99 108
132 163
75 80
46 37
173 20
157 105
93 107
87 194
151 169
X
37 73
162 36
105 56
8 120
141 81
51 44
164 159
165 74
8 149
183 106
129 47
127 45
159 167
138 173
155 4
187 166
X
40 164
169 28
106 39
88 189
4 190
110 18
115 52
169 47
26 117
175 163
189 167
158 105
160 61
56 139
65 3
50 78
161 168
35 49
87 164
43 82
122 10
179 81
189 19
9 52
X
22 36
91 184
47 48
173 19
11 78
84 105
127 171
146 148
12 153
178 76
188 67
169 145
119 50
168 188
136 123
194 30
31 52
55 117
87 158
12 176
57 120
1 24
191 86
124 60
100 154
123 161
87 97
44 182
16 177
39 175
22 104
109 147
178 133
20 148
168 159
163 75
14 117
102 152
56 153
195 115
62 60
87 19
93 129
41 164
118 144
166 102
49 28
145 134
15 26
29 139
99 26
65 117
59 85
56 83
17 76
33 30
189 165
142 31
46 82
9 114
34 149
185 165
37 77
18 174
136 18
165 82
170 119
134 188
81 126
154 57
84 104
170 76
127 100
29 5
13 73
44 82
168 132
51 18
142 123
130 189
83 2
54 20
165 169
46 83
30 94
50 18
108 39
84 164
106 17
67 20
X
133 56
38 56
X
170 26
182 3
10 114
109 123
132 56
155 1
170 135
164 169
69 105
124 149
29 148
124 70
151 18
57 89
149 66
172 38
53 24
106 31
55 108
33 153
188 8
114 178
112 188
153 28
30 75
66 180
107 13
23 6
34 190
177 144
20 152
15 89
154 143
88 94
102 106
155 14
78 127
44 76
47 110
161 118
43 119
140 83
77 46
143 150
11 154
151 43
180 177
120 158
184 194
157 10
6 50
90 194
52 70
21 100
42 7
29 103
31 170
174 53
79 157
42 63
88 53
32 187
129 163
172 26
X
183 136
132 126
180 124
168 161
157 53
186 68
89 105
191 37
27 74
43 40
189 115
163 115
154 93
15 189
63 114
188 176
171 51
X
195 118
15 57
107 121
175 130
134 98
130 71
13 142
179 2
117 67
143 83
23 7
147 95
154 145
143 41
190 49
120 39
146 21
111 113
126 119
104 152
61 180
159 105
5 25
56 79
3 182
90 42
6 147
143 197
130 67
51 27
26 79
117 8
103 72
166 103
39 29
77 56
180 38
169 38
5 62
17 80
24 18
6 27
148 132
X
192 32
73 60
28 146
4 131
124 99
195 179
159 110
122 121
74 4
157 153
181 177
25 84
51 32
64 121
105 57
91 180
141 123
16 68
14 40
4 43
121 120
67 131
45 67
135 113
78 37
180 92
121 39
194 46
32 127
133 112
120 151
14 128
178 154
65 50
96 100
56 171
12 2
166 2
104 158
186 103
96 165
97 190
172 41
40 162
68 44
169 189
193 175
151 6
145 196
193 176
40 148
162 93
176 76
5 123
65 177
45 36
183 104
102 60
172 161
71 93
173 192
81 55
62 95
39 41
169 110
170 65
22 32
54 195
188 10
52 154
76 47
152 21
27 12
83 3
188 68
148 165
51 30
18 5
106 61
136 24
X
156 156
75 108
148 59
98 90
13 80
126 125
4 77
34 73
16 71
14 141
179 105
146 132
152 28
189 128
X
144 148
39 44
74 31
89 158
158 137
104 142
111 175
147 7
179 61
28 43
71 91
52 80
36 49
128 192
124 91
90 177
22 60
129 67
126 179
136 77
X
183 25
177 140
77 100
114 167
X
129 46
125 149
154 136
74 159
55 52
171 139
172 52
102 92
194 183
63 163
94 69
32 103
189 39
189 14
15 69
129 26
140 183
68 120
162 174
38 42
X
95 97
53 36
85 161
101 108
158 129
118 68
68 177
41 192
130 65
X
14 129
194 178
4 147
40 115
177 154
43 112
85 27
123 56
119 191
192 143
51 40
59 62
55 119
158 121
178 131
30 87
171 12
159 54
141 163
120 122
71 71
29 41
25 151
11 151
171 178
192 118
13 133
106 143
90 41
21 150
170 177
135 98
11 91
190 50
187 65
40 166
73 189
90 103
71 152
51 147
188 100
24 183
51 52
158 127
110 139
7 174
134 100
171 48
51 176
79 127
122 146
100 149
138 89
105 99
158 3
X
73 185
41 160
9 88
133 103
165 85
66 77
75 109
137 22
64 77
174 138
142 40
110 112
147 159
99 12
21 151
164 115
6 77
56 120
21 156
160 50
76 5
159 156
196 30
69 3
177 60
12 4
X
126 113
X
16 73
49 109
169 60
2 194
194 31
55 101
136 16
119 193
49 43
146 143
18 176
154 95
31 56
49 2
109 13
123 174
166 169
47 50
159 31
157 134
44 181
95 158
188 12
19 156
111 170
19 121
17 169
175 9
88 105
191 194
151 95
148 18
60 83
21 8
74 32
30 103
156 142
23 24
158 32
X
195 116
138 75
26 191
149 28
74 136
154 43
4 42
24 78
179 92
172 53
X
77 29
49 106
28 14
158 13
110 162
141 59
104 111
155 53
5 178
117 27
7 84
159 36
69 132
17 121
55 15
183 102
114 175
130 182
X
192 145
185 151
43 126
86 197
168 56
197 180
13 88
53 127
79 27
195 129
67 159
87 99
100 175
145 150
189 172
151 168
51 135
159 127
34 192
163 82
92 54
79 75
148 21
144 54
138 162
12 5
26 195
21 84
112 130
184 142
188 40
140 154
135 139
176 59
X
53 173
33 154
63 147
175 160
127 85
31 152
155 8
72 63
105 152
X
69 49
167 88
51 21
190 102
120 147
92 93
X
29 121
192 13
111 122
94 42
40 128
39 112
X
39 146
93 131
127 71
135 150
128 154
107 72
32 160
99 176
82 50
158 50
70 128
31 120
X
14 48
84 94
88 147
44 133
4 152
172 65
194 93
31 108
123 113
47 54
X
192 41
64 5
112 179
164 155
24 65
156 191
22 152
174 30
51 173
167 3
152 171
171 72
125 120
14 140
161 78
28 149
136 171
109 84
122 154
11 84
13 11
87 56
192 82
131 55
161 13
61 177
37 173
160 120
193 174
42 166
160 51
23 18
83 84
145 36
143 65
102 70
181 90
54 163
131 62
160 135
144 29
142 104
144 64
41 40
105 64
142 30
104 39
45 110
62 1
100 151
146 23
139 103
159 169
158 124
180 154
97 159
X
37 171
18 152
57 190
112 32
40 161
181 190
65 121
191 41
95 67
160 107
153 170
91 112
49 155
156 123
152 18
24 129
49 10
72 185
64 75
64 72
147 143
101 63
12 14
35 108
X
117 144
173 138
26 87
169 29
186 88
98 92
87 163
99 8
142 194
68 115
125 79
150 158
72 147
168 76
98 8
83 136
172 176
X
56 3
115 53
16 119
146 123
46 66
X
175 194
115 47
127 84
5 151
71 60
X
185 136
98 172
134 104
131 54
X
195 119
31 50
104 38
32 91
X
156 122
25 51
125 27
39 196
33 31
60 88
X
74 185
69 4
141 173
158 49
112 35
176 91
161 21
139 184
84 20
64 145
160 57
41 50
X
141 72
191 89
172 46
134 101
77 32
31 94
124 78
79 122
45 82
38 124
165 116
130 63
29 163
182 27
38 29
10 30
158 139
70 18
34 194
165 194
X
42 113
77 180
X
93 192
46 86
123 90
51 78
29 98
160 10
110 177
160 139
25 45
29 119
121 126
109 121
166 155
146 53
114 93
28 79
120 143
X
25 86
100 13
84 141
183 50
69 119
180 157
45 104
127 27
126 10
177 138
59 7
129 49
84 28
133 159
107 179
93 121
42 36
177 142
141 197
4 174
27 76
59 129
145 115
193 90
144 194
156 62
131 110
133 161
190 14
95 13
48 2
95 30
192 170
162 42
86 158
19 102
141 93
5 186
6 49
31 8
90 51
123 121
138 180
177 18
52 114
26 40
186 141
73 151
89 4
167 135
77 39
84 75
1 162
144 150
44 155
99 24
158 194
77 54
28 16
157 146
102 28
195 183
195 126
95 140
13 102
174 146
73 163
90 173
55 110
56 169
179 76
171 188
42 116
5 174
31 109
46 108
143 43
58 58
87 149
13 36
125 124
160 49
144 103
135 174
63 115
6 146
188 13
87 32
71 6
86 195
103 92
66 121
X
134 38
X
80 127
104 59
120 146
30 63
53 6
187 136
121 121
189 193
162 96
137 121
127 13
120 121
142 181
90 10
101 195
69 16
79 136
147 164
65 35
X
95 99
111 147
168 197
148 102
152 22
176 16
64 114
X
74 56
123 154
188 89
61 4
28 15
6 130
110 31
193 32
154 133
58 61
30 74
128 71
111 190
92 177
98 31
X
13 76
138 111
122 23
27 87
86 193
10 52
20 167
180 186
193 59
120 161
7 52
130 27
53 41
160 129
14 76
17 47
96 30
141 52
102 131
124 110
134 132
105 26
92 69
66 6
X
X
X
165 174
55 180
97 15
124 179
136 141
109 190
104 31
124 170
X
65 118
X
145 131
3 39
84 93
159 63
141 57
190 41
41 49
21 36
179 54
71 191
173 146
19 103
18 133
49 7
12 152
128 3
85 58
26 47
46 68
100 88
114 90
93 80
117 40
29 6
131 42
60 85
116 89
18 74
151 9
178 5
156 176
172 32
55 47
178 35
93 82
5 184
171 11
153 171
131 115
130 69
22 63
191 57
54 100
164 173
139 82
46 69
72 146
92 175
37 87
171 20
3 163
151 93
65 115
131 165
175 82
85 162
11 36
182 39
52 136
151 30
141 92
73 190
3 130
55 77
113 147
25 185
4 162
36 106
54 106
74 96
133 105
85 154
54 47
22 16
166 60
108 36
188 36
X
158 8
X
179 30
81 60
17 119
X
121 109
118 67
42 66
17 44
187 170
140 11
108 31
167 158
182 52
15 72
83 82
108 84
83 81
97 81
181 109
127 175
51 163
180 72
33 195
103 112
130 181
108 170
190 171
74 1
123 13
98 111
X
57 22
66 176
156 196
36 149
138 119
178 170
76 87
27 123
18 188
91 130
94 132
103 162
12 149
192 180
20 124
147 148
160 18
73 191
X
134 75
14 116
162 194
156 49
42 179
152 41
92 53
30 194
168 119
110 161
179 16
157 68
130 70
192 5
54 187
61 147
150 118
142 38
89 54
91 64
11 79
127 123
92 112
86 119
26 114
57 179
120 126
77 187
59 156
170 176
92 62
108 121
156 194
50 80
68 193
168 121
176 117
67 138
53 78
88 10
73 193
136 76
157 69
175 92
42 67
24 40
109 15
183 39
181 117
102 88
63 179
9 4
153 179
24 195
66 158
X
167 100
73 65
133 163
6 132
157 101
101 130
35 105
104 110
87 57
1 40
12 73
10 27
92 197
102 72
75 63
91 111
158 37
3 179
73 161
7 173
91 158
191 88
91 122
23 86
150 6
24 114
68 192
100 14
28 125
113 101
19 18
102 175
138 72
191 22
25 66
131 111
103 124
41 48
170 121
179 83
99 28
93 136
70 194
120 124
77 189
38 36
71 92
27 78
28 123
81 27
X
67 136
148 158
171 21
13 27
105 187
181 69
98 156
52 171
86 142
179 104
112 142
175 170
77 109
48 10
177 194
41 156
32 155
30 121
52 79
178 39
87 84
79 29
63 145
13 131
94 192
124 67
170 106
31 195
142 52
125 38
51 20
66 16
177 95
21 34
56 36
135 20
100 147
182 122
126 86
3 190
107 15
23 12
54 151
13 139
120 43
18 118
143 184
134 70
59 83
13 132
38 63
192 78
160 121
146 78
152 184
130 68
149 8
29 150
176 170
166 161
182 35
12 69
46 104
45 65
177 83
122 144
194 60
65 49
165 176
177 76
50 158
33 88
157 14
170 134
133 148
143 144
138 181
184 139
63 158
84 101
X
77 13
X
17 156
159 42
86 190
16 48
154 72
38 39
109 19
70 16
186 100
121 10
175 7
181 101
145 67
97 113
182 93
138 91
7 46
180 52
23 16
X
133 114
34 109
45 7
56 166
112 118
132 191
174 155
8 74
96 14
5 141
167 33
67 182
112 150
159 107
59 163
41 183
33 182
X
6 153
98 52
112 189
187 154
28 116
136 70
19 19
110 59
118 41
71 88
51 150
157 120
159 18
71 131
X
143 55
182 29
78 180
62 163
39 171
13 193
68 46
77 145
74 189
61 146
2 93
X
179 82
56 113
36 109
38 115
12 150
40 37
193 183
42 160
137 155
111 167
154 142
191 18
83 88
142 106
94 193
130 23
8 62
83 143
152 92
26 83
151 31
X
140 184
10 4
13 54
117 24
70 190
52 30
125 47
33 123
104 61
151 37
33 192
125 52
116 177
132 155
106 142
122 25
9 154
5 121
182 30
74 158
114 164
142 94
185 73
48 50
56 168
180 156
51 80
99 25
40 169
84 27
81 3
78 161
X
43 181
148 55
53 15
26 51
85 137
20 63
37 51
12 11
164 158
31 105
10 11
57 73
40 194
133 147
40 69
134 148
48 158
170 39
127 122
5 171
47 104
147 130
99 109
14 53
134 39
106 55
136 75
93 89
157 57
28 13
104 144
178 117
102 6
109 163
138 98
173 62
67 168
108 110
X
43 164
51 138
3 140
72 59
133 40
17 125
119 184
61 127
169 65
190 67
7 168
120 15
60 59
74 131
41 46
141 9
8 26
149 89
8 77
X
92 64
97 16
5 100
71 150
91 108
137 177
86 84
127 50
158 61
91 173
X
61 11
127 86
180 195
181 179
69 2
105 61
180 76
116 51
178 18
190 118
89 109
2 21
147 54
182 50
192 178
77 27
100 24
84 95
15 25
169 51
97 80
134 72
117 12
9 103
122 11
171 183
101 60
16 155
81 136
178 58
94 90
119 108
66 175
126 47
51 14
55 175
86 21
65 1
124 97
6 24
100 133
12 139
9 132
174 27
191 46
11 149
165 117
106 144
9 130
55 33
42 124
99 100
179 32
134 192
71 38
122 130
143 64
106 192
143 31
X
84 136
147 40
21 67
93 181
82 49
62 62
181 30
17 72
153 90
127 111
155 190
14 191
100 5
11 92
59 161
52 78
61 182
135 176
6 51
7 171
138 22
118 167
X
132 165
96 33
140 155
25 46
140 10
54 110
44 135
192 31
169 146
193 127
145 19
97 82
106 49
76 32
20 17
117 9
64 190
86 8
15 106
195 57
154 37
44 6
5 59
6 25
38 127
17 27
70 106
107 60
33 98
193 180
33 53
90 197
118 163
164 154
45 135
57 21
172 6
41 95
49 4
147 132
122 60
169 119
13 51
71 40
58 83
171 41
13 13
93 91
46 40
X
165 88
65 11
68 181
193 78
166 85
100 167
107 192
119 37
108 111
94 89
8 13
85 155
179 18
169 62
44 161
41 29
54 147
135 126
173 145
6 14
X
71 128
82 141
157 133
39 62
51 195
96 67
68 119
12 36
14 38
55 67
24 120
176 79
10 168
75 133
132 109
79 77
123 151
153 30
147 117
65 36
96 12
6 13
164 82
18 115
169 18
160 21
32 89
X
56 5
176 138
18 121
137 141
127 23
130 62
112 133
90 169
116 176
109 110
107 35
30 66
33 49
168 31
69 131
175 91
9 11
97 19
31 149
178 32
138 110
74 33
36 55
161 117
68 178
46 38
94 62
59 130
88 32
4 41
99 17
55 41
10 87
155 42
129 164
76 4
19 6
106 38
73 192
108 88
167 61
66 114
109 99
120 187
44 94
177 123
73 91
7 73
149 118
79 3
166 174
63 188
62 188
27 73
30 195
180 190
125 10
34 155
93 123
120 193
124 69
104 107
172 31
54 24
X
112 140
105 68
23 63
153 181
X
76 34
83 49
122 85
2 131
68 49
110 160
34 110
129 1
93 67
190 74
110 176
54 78
57 192
62 58
174 157
127 39
158 15
51 29
137 96
180 105
98 100
126 50
126 45
73 148
138 161
51 47
159 120
58 59
49 84
19 63
187 102
100 16
109 77
21 102
8 58
82 86
172 162
143 33
X
170 91
45 156
193 114
18 169
86 101
30 91
89 120
178 172
171 46
106 124
53 190
141 76
31 97
127 35
X
12 132
13 191
147 37
61 143
101 190
43 128
163 78
162 39
146 40
168 60
174 10
X
54 102
190 166
87 58
57 109
64 159
24 21
110 85
105 97
67 116
128 38
86 68
4 75
159 153
186 171
83 1
32 185
101 111
165 180
101 17
4 161
X
102 107
146 118
52 55
187 18
48 163
54 55
134 105
11 76
38 31
77 122
154 180
170 110
55 23
2 176
127 87
156 179
83 46
87 2
108 125
125 148
71 73
192 115
148 9
111 99
41 123
33 63
27 49
191 58
56 165
187 172
120 149
139 91
81 30
68 117
121 140
38 112
85 71
141 16
129 51
16 154
179 77
105 159
56 87
29 186
167 28
12 90
24 116
70 121
X
42 77
86 196
74 27
165 89
143 147
10 153
170 123
147 20
68 72
38 49
79 12
5 173
187 88
14 139
93 197
88 59
57 87
149 169
187 90
45 86
87 20
105 73
63 93
122 125
150 180
X
155 192
97 189
99 154
6 104
179 158
9 30
144 102
150 20
3 43
126 176
129 153
67 163
124 109
50 113
143 59
X
50 125
157 11
143 95
109 171
139 94
125 133
48 106
191 21
103 149
119 104
40 70
78 38
70 76
25 52
187 22
174 52
87 192
38 44
47 9
83 141
156 8
176 81
44 165
141 41
78 100
55 74
8 147
X
76 157
106 19
129 183
183 181
194 78
X
1 43
156 180
126 172
98 193
161 124
191 79
192 174
189 22
107 88
60 8
172 27
37 76
126 84
163 106
168 176
44 95
X
169 121
X
19 188
87 18
16 106
160 9
27 136
86 72
106 76
X
184 28
155 3
91 129
57 62
58 140
93 194
66 73
14 179
65 171
108 55
192 52
49 18
187 158
38 30
X
53 120
118 191
84 102
16 80
112 112
7 11
113 24
9 101
16 104
X
119 58
78 151
110 169
87 81
118 195
124 176
79 54
26 123
125 23
103 97
60 155
38 126
47 120
59 58
130 180
51 55
169 74
189 142
24 15
151 7
121 186
190 115
64 93
51 136
114 24
79 138
28 169
79 119
49 54
51 54
168 178
65 77
162 74
107 182
66 13
63 168
90 123
75 3
134 99
44 123
112 131
66 102
5 71
27 140
138 9
X
92 41
5 75
193 142
178 4
182 38
83 70
166 88
153 54
29 190
X
14 55
179 39
19 8
116 68
147 114
16 69
154 103
113 138
171 26
106 77
75 32
112 31
177 32
29 108
19 119
166 172
124 85
111 138
91 107
138 70
34 123
194 186
148 53
128 89
94 67
100 164
144 119
125 57
X
74 101
109 131
132 188
55 179
160 15
171 53
12 147
X
49 150
125 35
188 167
25 165
61 94
X
20 121
99 147
56 62
100 19
177 141
104 147
92 190
105 192
176 134
142 102
128 84
15 179
163 74
182 190
91 189
29 188
69 72
117 38
133 144
33 29
63 8
21 152
159 101
63 130
31 160
188 41
141 145
136 129
170 138
154 84
68 176
160 190
118 192
42 5
X
29 104
19 101
88 167
81 142
107 17
X
151 171
175 169
67 34
89 173
97 110
8 151
125 121
194 180
X
178 69
133 165
54 109
28 28
171 19
180 50
91 25
182 92
11 88
89 145
21 28
X
7 87
165 4
176 20
108 122
157 8
177 72
172 30
124 89
87 146
60 61
63 6
100 92
69 194
130 191
33 50
141 162
80 12
129 71
35 20
37 91
91 4
119 153
63 50
42 87
16 90
148 149
137 138
155 49
161 32
38 27
159 171
92 91
122 86
143 190
142 150
52 126
25 44
126 27
49 87
125 183
50 88
140 80
77 105
77 188
30 28
18 178
57 77
113 141
155 11
76 162
145 17
16 53
89 56
168 33
77 55
53 7
119 143
37 74
26 80
49 187
192 39
161 31
X
72 126
49 195
79 36
91 62
93 24
194 97
49 193
168 133
39 144
54 32
76 176
91 182
111 168
61 175
29 33
29 40
7 123
124 133
120 145
71 147
103 127
116 28
145 65
105 161
145 20
190 73
114 92
24 141
170 33
128 45
100 150
107 39
193 46
118 37
135 119
X
159 155
X
92 89
48 47
173 21
186 102
38 192
74 57
X
123 153
52 168
31 49
124 180
173 26
X
176 194
143 68
38 68
38 69
90 196
115 95
X
70 20
61 93
93 25
86 125
18 186
100 165
112 138
111 130
32 49
69 103
28 141
174 164
26 12
16 44
171 76
143 119
192 46
126 99
97 83
119 70
X
183 186
118 51
124 182
125 77
94 190
122 133
24 136
24 28
167 30
27 84
122 15
67 121
56 134
164 161
47 51
11 67
167 60
162 124
79 161
110 167
27 81
158 42
93 22
161 38
83 77
30 26
62 15
175 95
78 119
18 165
189 174
122 132
49 163
24 140
133 126
179 184
27 170
136 144
14 80
86 192
53 139
14 74
106 62
120 129
180 36
122 12
176 132
122 158
197 59
136 89
48 165
27 96
124 113
20 122
X
181 120
60 1
160 14
49 42
46 84
25 136
16 27
104 47
14 42
187 143
34 104
121 13
149 29
53 171
79 31
129 90
113 140
126 24
70 17
127 119
37 138
131 153
17 78
39 36
135 132
37 181
154 104
135 138
167 188
194 80
137 99
23 32
145 59
151 136
104 108
43 74
194 47
162 38
124 145
14 93
167 91
138 100
13 53
13 55
129 179
123 57
126 133
120 163
155 195
70 50
51 23
62 127
136 177
X
71 103
29 116
5 172
67 169
66 5
1 39
162 167
20 118
52 147
126 129
26 45
184 141
55 181
3 178
86 35
52 120
132 113
78 48
26 194
160 133
192 159
108 32
41 179
176 19
83 161
70 93
24 139
69 70
192 90
12 151
193 117
154 101
20 166
107 87
169 30
85 101
29 138
109 159
195 145
98 189
159 33
35 185
135 140
129 165
138 93
26 139
147 94
95 33
139 99
57 188
146 106
168 65
86 168
176 106
141 82
141 180
52 67
70 46
111 134
163 95
117 140
143 45
12 85
179 19
142 59
182 183
78 174
52 51
5 130
160 53
52 20
169 102
100 191
166 6
88 120
75 137
74 59
159 93
146 117
151 182
43 155
122 145
71 56
37 56
156 177
178 95
142 197
43 44
138 177
169 132
87 189
59 3
90 112
183 155
129 159
103 163
52 163
157 192
22 135
8 72
77 83
67 37
51 154
12 142
40 174
134 57
130 64
48 167
14 119
161 138
53 21
30 108
127 91
190 172
195 4
168 134
136 74
148 90
178 72
37 54
93 62
148 105
144 197
8 146
148 75
15 42
X
50 30
148 77
120 123
87 109
149 75
8 118
56 179
104 172
51 50
152 137
33 185
158 36
13 135
95 69
94 22
11 11
150 164
125 145
111 34
31 123
X
23 167
X
103 64
43 48
187 168
96 79
7 10
57 36
193 82
141 71
49 27
151 39
189 68
54 70
94 79
75 102
175 109
164 171
28 41
56 78
115 175
105 55
X
181 70
8 52
127 109
67 132
115 91
25 78
90 182
183 178
106 32
139 70
103 47
154 56
53 182
86 161
X
109 122
156 61
93 118
189 178
140 152
160 194
81 77
52 141
53 70
6 186
72 187
8 168
70 91
139 81
128 68
86 56
40 77
78 107
130 30
172 188
39 65
43 127
180 178
51 139
179 31
97 62
136 105
193 113
171 120
28 128
186 106
57 140
35 147
142 41
90 145
133 98
42 62
188 76
133 150
139 152
48 166
90 109
49 15
3 172
158 155
86 81
42 44
175 6
168 61
81 128
158 120
50 40
191 48
13 90
58 135
4 71
145 102
150 88
61 144
24 137
110 118
91 43
75 83
193 178
143 123
145 118
19 165
151 21
62 35
23 184
29 141
14 118
86 170
98 5
164 74
41 146
41 70
62 130
65 103
130 154
39 145
89 193
169 144
104 109
162 154
64 192
170 21
183 53
47 123
187 151
75 185
X
14 57
86 194
76 48
20 33
14 142
14 115
159 52
50 151
55 113
61 176
176 157
189 100
152 95
53 86
187 156
85 164
52 195
107 86
139 101
152 53
27 51
39 142
124 46
28 168
189 73
85 105
172 109
137 171
135 130
126 70
120 14
172 29
178 121
88 196
188 66
189 106
118 86
3 184
155 38
140 173
46 43
9 102
188 118
X
192 186
47 121
128 23
118 193
X
138 121
96 19
191 130
128 31
130 3
98 134
169 181
104 91
121 40
160 54
104 24
79 30
60 86
10 50
44 70
169 197
148 78
52 164
110 77
146 147
163 109
1 176
143 57
78 109
166 183
X
9 168
182 48
73 63
178 20
105 101
139 173
176 141
108 171
123 162
194 146
42 43
6 22
136 148
66 2
17 166
83 86
6 154
148 106
112 120
9 104
13 72
26 53
55 106
63 128
16 67
178 37
138 95
78 126
13 10
51 194
6 58
76 1
82 73
171 138
89 35
24 47
87 4
X
32 152
118 47
147 22
31 154
114 28
91 154
130 163
91 156
126 1
172 138
48 156
141 56
27 42
49 3
X
173 28
105 47
112 113
23 168
8 73
178 81
25 41
34 184
63 162
103 150
53 100
147 171
86 124
97 84
9 26
21 63
191 126
22 147
179 183
159 60
3 141
191 90
42 41
183 51
7 62
60 84
80 14
56 86
197 181
121 145
86 10
43 158
53 104
75 67
172 192
130 179
41 157
159 194
159 94
100 195
169 176
175 139
100 148
17 9
X
31 116
91 121
180 158
106 179
132 161
121 129
148 162
192 12
128 98
69 121
131 57
8 150
105 180
190 78
64 8
142 39
137 146
130 155
106 50
43 46
183 142
153 52
32 98
147 93
6 185
132 110
120 67
41 86
28 74
63 116
14 89
121 152
141 150
53 54
195 143
11 37
117 70
190 77
39 91
193 188
169 194
161 93
103 28
35 181
118 184
152 133
55 139
191 2
126 23
75 64
191 39
193 19
115 48
53 4
121 38
141 119
125 86
33 155
4 121
148 114
172 49
165 178
133 132
12 80
158 123
194 82
27 171
167 197
96 32
123 133
92 133
141 143
31 7
47 119
167 178
184 196
116 140
148 171
X
80 32
180 77
174 26
31 124
168 74
127 9
195 60
63 31
75 165
52 155
66 15
89 101
188 152
7 104
167 177
182 109
90 43
151 166
106 75
4 76
X
159 168
142 184
192 144
X
104 101
192 40
33 91
57 83
121 144
110 157
136 72
125 39
122 14
51 74
69 5
115 12
65 71
13 89
120 13
109 73
127 170
41 10
84 84
152 135
196 183
148 134
107 187
89 176
115 51
101 28
X
34 124
75 177
123 107
46 62
103 141
132 115
137 110
169 50
78 98
139 105
107 189
193 192
166 87
41 98
101 61
189 21
56 170
157 124
135 77
165 77
91 92
161 75
78 27
181 184
63 51
38 53
8 60
159 10
49 88
52 167
120 130
108 127
41 195
55 120
129 162
21 24
7 88
13 46
88 123
80 125
183 123
80 54
53 35
191 115
139 76
65 169
31 147
76 49
5 26
85 34
138 94
91 3
91 22
159 124
64 2
173 31
125 97
137 77
48 55
128 190
30 29
170 143
30 170
182 2
150 19
21 104
161 133
7 26
103 99
25 149
22 68
181 95
125 37
105 181
127 176
31 55
63 155
188 90
194 87
173 139
X
133 128
88 104
149 67
96 54
158 20
26 120
25 40
46 70
72 60
90 192
152 91
21 83
X
X
25 53
105 154
145 130
32 17
104 36
176 62
81 28
88 109
134 76
X
142 33
132 103
154 92
73 125
124 74
76 91
194 118
26 118
149 92
6 140
55 174
166 91
7 14
36 185
12 146
5 182
53 175
161 137
97 33
41 147
153 95
X
155 196
X
178 92
89 170
140 77
8 84
166 158
171 10
45 44
86 109
138 164
7 146
86 141
137 101
147 38
148 64
38 194
129 192
35 154
26 170
119 28
157 9
160 11
173 6
167 195
135 173
126 51
15 108
162 78
27 125
13 181
125 67
168 72
8 154
X
45 106
69 40
8 100
94 93
113 99
55 70
173 141
9 84
16 152
192 29
94 91
12 148
49 191
68 194
68 180
55 24
7 165
123 172
43 62
X
174 28
107 31
16 175
24 151
43 50
132 156
3 185
65 14
23 13
192 171
18 116
121 194
75 134
137 174
63 143
58 134
54 36
116 12
158 4
49 188
X
30 110
8 112
81 32
168 87
156 105
78 56
X
53 32
17 7
144 123
73 6
105 49
29 136
162 115
169 46
162 37
74 97
177 145
34 26
103 51
79 16
X
50 55
52 101
105 31
53 85
42 10
56 68
52 139
156 144
152 164
137 89
53 179
85 81
188 11
186 67
125 129
130 52
69 8
160 63
151 134
11 176
176 82
73 138
120 120
64 74
52 90
X
2 130
50 77
41 2
10 128
66 75
159 57
139 72
102 91
98 159
164 57
X
28 139
X
181 121
60 62
98 173
97 54
146 105
72 127
76 39
182 181
105 162
57 106
64 49
163 96
129 89
62 177
X
183 196
127 97
X
100 193
75 147
55 100
97 12
14 133
49 85
148 54
2 39
24 12
145 54
56 84
142 36
42 136
159 139
44 119
118 162
57 193
X
168 41
147 64
37 90
114 6
164 5
76 146
52 157
160 78
81 129
86 102
65 16
145 106
171 9
180 2
142 183
108 123
187 92
11 40
172 160
52 76
137 12
189 79
53 136
126 48
92 43
6 10
188 170
81 59
105 164
74 86
79 46
196 32
190 174
119 57
2 132
147 150
15 191
16 46
11 9
114 89
145 191
22 137
14 130
114 86
75 122
49 192
50 150
73 194
160 13
173 197
172 107
101 154
141 90
6 139
138 169
24 165
104 68
116 67
86 191
70 19
188 92
X
84 143
X
X
63 156
179 79
32 194
185 167
56 157
28 72
139 177
74 161
25 181
40 112
41 180
121 108
86 154
33 162
156 121
158 29
98 176
40 74
160 31
74 91
169 32
141 121
188 91
160 192
102 172
X
10 142
62 31
181 72
168 181
165 2
49 86
178 60
39 19
176 95
41 162
23 192
75 157
1 163
126 130
29 45
33 66
X
75 180
128 153
191 192
84 72
76 107
137 145
56 108
144 184
84 161
66 116
14 39
109 118
191 177
26 185
166 101
71 146
10 89
144 33
191 166
186 167
176 18
150 171
167 190
157 72
78 147
135 22
191 165
19 151
24 181
109 133
170 18
149 78
63 160
167 27
65 8
36 169
100 15
68 47
23 183
52 144
19 167
X
75 131
119 186
38 184
78 46
127 11
104 33
186 65
195 127
123 104
119 154
110 39
75 160
6 133
6 23
32 94
131 40
27 45
54 173
110 58
X
191 10
167 26
30 32
194 48
94 41
116 143
30 163
172 178
39 70
179 35
39 143
193 4
133 141
190 195
193 48
34 189
41 116
103 159
8 16
32 193
79 4
178 155
135 18
168 38
30 146
130 28
126 37
166 167
95 25
53 27
162 155
58 89
120 41
140 13
23 61
104 35
66 1
152 169
95 100
43 98
87 7
154 144
54 67
111 118
143 96
109 59
78 146
128 100
29 109
184 137
57 139
76 105
28 136
119 195
150 75
104 182
158 110
33 96
106 15
55 136
16 103
31 53
193 93
119 48
169 191
86 29
85 59
168 123
17 179
148 131
98 51
17 137
86 111
79 121
102 97
27 168
192 183
152 17
136 109
124 98
176 146
130 161
79 60
81 46
107 71
133 111
44 75
70 102
X
175 107
122 76
122 123
49 158
16 188
107 123
172 18
161 15
180 180
91 110
105 191
X
187 104
89 154
102 100
154 146
118 80
121 143
179 185
165 76
54 107
192 182
168 48
83 164
67 102
186 105
70 59
34 65
141 14
19 125
126 97
172 179
71 194
56 152
171 28
190 65
28 80
29 118
172 163
X
121 59
3 41
142 45
79 74
194 52
118 81
177 168
103 160
28 46
99 153
76 92
31 26
70 6
86 143
X
171 191
171 7
84 86
89 10
160 167
76 45
83 71
38 67
121 124
77 51
57 181
85 73
133 164
128 36
26 169
74 65
76 174
110 189
169 49
186 155
23 15
23 5
29 32
4 26
181 27
132 99
92 139
51 137
69 171
111 171
24 117
48 170
111 75
X
22 150
133 146
3 137
120 70
23 60
67 180
191 8
102 68
140 162
105 98
57 24
62 147
110 142
189 76
85 56
145 145
150 31
113 26
169 53
178 109
195 3
122 124
70 127
193 60
20 36
3 25
128 91
190 106
103 60
51 28
178 123
99 164
32 186
179 109
65 72
X
X
183 153
6 174
X
195 187
74 60
125 147
89 57
16 93
43 133
182 124
52 170
159 174
61 129
X
122 78
67 49
25 150
61 58
109 113
167 179
32 64
145 57
70 164
133 58
192 126
190 51
53 188
139 45
103 25
124 124
36 104
118 140
155 180
143 81
25 12
140 180
166 56
29 76
10 51
13 188
44 113
152 90
81 140
4 117
12 108
139 96
31 95
34 187
62 190
59 158
147 166
45 41
4 192
96 156
61 188
117 93
52 166
185 143
31 6
189 195
179 72
44 44
106 63
6 30
75 66
37 137
15 193
138 42
188 137
90 158
67 133
183 103
133 192
187 171
64 15
75 105
53 23
101 92
9 6
110 188
124 86
127 173
41 36
16 178
38 66
50 114
149 93
119 187
127 88
94 133
X
55 182
57 33
X
131 159
36 77
140 72
190 75
151 137
67 35
90 190
7 25
28 47
128 183
64 51
29 7
104 89
X
19 9
16 191
55 40
175 168
X
58 138
20 186
105 186
4 132
78 14
110 73
98 32
188 160
179 154
41 112
54 18
9 100
4 165
92 118
143 145
7 58
189 143
192 189
26 119
103 68
69 60
170 51
172 108
51 119
74 93
65 175
X
77 45
134 190
149 65
189 120
117 41
63 169
81 33
143 188
98 167
120 11
167 192
66 182
169 100
13 24
52 119
186 136
60 158
25 141
144 183
102 173
13 177
53 18
121 193
16 179
43 66
155 57
144 143
102 24
97 100
197 58
114 163
95 139
183 180
106 18
155 13
45 136
84 89
105 160
145 188
61 130
138 112
X
145 52
164 172
X
70 8
44 74
12 175
133 149
157 193
X
68 102
81 31
1 25
54 179
179 80
10 140
53 140
56 106
39 116
X
157 139
120 140
136 131
192 156
4 137
53 47
131 52
125 58
126 71
132 153
13 74
93 113
4 40
X
40 87
28 171
22 18
24 17
129 50
36 148
153 49
76 180
29 115
95 54
81 58
27 172
145 114
164 78
X
66 168
58 62
147 67
66 74
86 17
39 16
117 6
134 170
140 153
5 191
182 118
42 96
61 15
191 19
5 192
184 192
62 8
170 74
119 25
104 173
42 183
121 133
169 27
97 97
15 51
167 189
175 78
114 12
6 138
151 181
152 16
178 101
88 102
72 186
88 149
7 85
154 71
66 31
41 62
97 63
55 155
131 50
16 108
127 90
6 48
95 79
85 163
124 68
22 139
112 147
122 29
16 174
144 191
68 20
111 101
25 49
52 86
2 191
81 48
55 188
100 176
154 94
101 5
169 178
148 133
103 125
X
160 93
38 185
134 191
16 70
122 129
179 29
99 19
150 161
141 91
51 167
63 180
176 92
32 123
17 152
62 61
68 16
123 10
124 121
71 104
130 188
70 135
67 172
102 108
49 44
X
175 131
67 177
X
162 191
87 72
X
13 15
98 113
46 2
X
44 10
55 146
90 193
180 54
53 195
82 74
113 149
80 142
104 106
141 89
158 33
66 106
20 21
36 75
91 118
X
35 54
130 153
81 34
146 77
X
185 91
168 28
55 76
160 56
X
108 74
114 84
88 125
160 60
169 19
10 88
155 39
88 97
34 77
193 116
55 36
X
32 54
137 75
73 86
83 72
81 49
25 15
56 151
55 35
16 91
170 183
159 157
18 189
35 51
68 168
186 154
77 119
78 145
173 190
94 64
44 43
170 182
X
121 104
88 98
87 155
10 2
50 27
175 134
99 98
197 57
71 138
118 83
70 48
68 139
170 72
54 164
38 51
30 47
52 24
106 127
67 33
188 117
X
70 44
177 70
102 89
87 33
14 193
157 145
192 18
126 3
4 146
138 18
4 184
142 105
52 151
117 91
175 11
53 163
171 75
56 70
66 36
44 37
28 147
37 147
131 58
8 59
190 68
88 35
50 127
32 63
20 9
23 21
91 1
56 192
170 89
183 190
168 120
87 27
13 26
186 138
106 140
145 30
35 184
131 39
126 68
X
98 53
168 46
33 186
162 19
93 112
40 170
169 135
163 172
139 14
192 181
28 170
53 138
167 161
153 37
110 17
X
139 164
55 114
158 135
147 188
175 104
49 5
87 1
109 157
X
32 163
36 172
30 193
43 183
104 99
34 63
100 134
53 180
22 140
147 184
87 30
94 129
45 39
X
X
122 13
190 66
29 110
139 9
32 87
28 114
172 28
172 106
195 142
128 97
126 8
143 191
75 119
179 28
111 31
107 85
72 166
34 54
23 134
X
15 79
34 144
124 108
98 174
140 16
168 62
5 154
166 153
92 176
104 164
121 41
125 109
110 158
126 14
180 155
76 27
170 146
157 104
134 113
103 48
76 102
73 162
76 145
44 137
33 56
102 176
141 122
125 71
177 27
17 51
29 94
42 40
64 73
23 83
75 162
53 115
188 165
81 29
74 126
112 190
71 106
X
57 35
169 106
161 106
59 4
137 149
131 41
172 50
21 155
43 162
18 156
41 181
190 178
75 161
29 137
179 102
3 176
100 91
134 22
167 194
90 104
X
126 170
44 77
40 86
184 143
43 70
150 181
73 150
46 119
38 169
63 159
X
160 169
38 37
69 75
180 122
104 112
27 75
12 102
98 164
88 168
32 171
142 90
92 137
128 30
128 179
29 28
80 39
12 133
171 61
99 5
25 123
147 102
176 158
151 167
179 50
33 7
18 179
124 183
105 190
45 2
89 59
4 164
172 10
132 127
81 4
149 88
23 36
10 146
13 56
70 166
57 58
68 37
19 169
193 97
39 17
94 194
178 16
35 139
77 15
11 10
7 167
148 88
120 184
155 194
179 122
161 77
164 4
172 12
X
155 10
94 85
16 156
151 90
30 33
173 188
50 115
156 153
183 105
41 47
90 167
28 94
147 161
25 147
25 114
66 17
69 74
17 26
95 64
86 122
189 78
102 98
152 43
37 144
72 66
62 145
158 63
72 150
125 12
72 162
100 111
3 194
122 151
83 74
70 70
X
42 15
X
188 154
X
81 125
188 157
140 70
147 52
150 90
21 62
176 17
90 147
53 29
163 107
53 176
28 129
158 41
124 56
X
170 133
195 186
X
4 130
110 132
X
161 169
94 195
90 53
161 195
51 115
74 150
X
24 27
85 84
169 192
126 49
11 128
159 74
65 156
129 65
31 115
120 144
183 143
159 95
34 66
187 159
141 175
130 159
177 78
157 1
73 166
106 59
133 42
33 187
75 121
X
193 86
111 98
124 84
64 35
9 150
175 8
51 51
75 6
182 91
38 193
4 21
25 67
84 73
196 97
91 40
193 146
149 166
55 73
99 88
189 192
91 155
85 143
85 95
34 74
159 170
25 121
100 131
53 174
61 189
41 143
111 140
16 51
171 119
31 51
38 147
146 56
X
17 67
156 190
123 106
88 158
10 84
164 59
178 30
132 154
125 89
196 93
178 168
21 68
11 89
140 45
118 91
36 107
33 152
112 187
126 13
123 129
59 1
66 37
151 40
1 22
188 156
152 49
95 53
42 86
146 130
135 121
23 141
51 146
169 138
4 123
108 118
51 158
151 170
186 90
X
78 47
101 193
134 73
36 139
145 18
48 154
126 46
51 140
83 68
134 56
117 42
187 141
108 157
177 130
20 35
41 96
136 146
80 36
X
171 145
47 49
134 138
32 26
52 75
77 34
X
25 83
53 118
151 178
172 142
189 126
167 183
99 130
189 77
171 123
35 110
17 180
174 160
97 111
39 39
30 150
79 137
114 80
36 50
55 168
159 49
52 191
6 98
125 100
54 171
4 95
126 35
30 98
19 5
56 195
165 155
80 73
6 131
31 103
66 12
52 187
187 21
X
11 68
68 116
21 153
72 190
X
46 44
X
119 140
158 62
84 29
168 40
126 132
17 191
152 54
181 196
77 59
27 95
73 139
152 82
118 24
128 189
178 78
13 77
63 192
169 58
109 31
14 102
180 192
69 115
76 86
138 41
183 31
17 56
182 101
186 156
171 122
40 144
23 40
2 193
191 129
55 55
90 52
150 95
X
6 171
173 53
161 18
11 77
78 29
29 107
147 190
162 153
105 60
95 24
28 50
X
169 107
69 93
8 12
X
93 183
9 98
69 138
98 149
161 120
101 19
45 108
168 160
88 68
111 187
136 127
139 83
75 34
129 23
141 161
32 125
51 84
143 189
125 60
152 56
114 10
17 8
195 130
21 154
184 136
120 60
11 38
139 11
88 114
107 190
128 85
162 106
27 138
146 191
192 177
5 193
132 129
69 102
180 94
158 2
181 83
146 119
91 120
165 86
23 185
164 2
84 21
81 47
73 67
13 136
74 139
135 122
77 174
81 56
110 141
142 15
107 74
66 3
38 43
14 27
126 31
54 14
188 73
128 50
83 138
X
X
76 185
84 19
5 103
88 169
X
55 3
109 88
X
97 30
77 49
137 70
176 58
54 40
64 95
X
23 84
49 168
7 48
71 4
4 94
117 11
77 12
105 51
193 189
195 5
155 176
139 156
139 71
151 29
151 176
150 77
152 39
27 98
177 28
75 138
112 176
48 104
41 142
54 52
180 48
54 170
65 75
35 103
134 171
79 49
136 71
11 139
25 127
93 69
74 80
41 194
47 3
63 45
154 89
40 124
178 27
137 173
152 165
64 7
32 170
56 67
54 136
64 172
71 39
141 70
84 74
X
56 164
168 63
134 21
177 102
18 180
X
71 90
173 18
36 147
41 83
94 31
78 105
179 59
X
194 56
24 19
84 68
26 78
83 90
31 153
86 164
118 90
36 174
79 39
169 196
172 146
103 49
137 108
28 98
163 174
169 76
74 100
160 137
42 19
147 134
78 150
46 85
78 49
177 197
41 91
27 127
44 36
162 21
80 77
112 175
196 60
172 39
105 27
86 108
117 167
120 69
X
67 171
89 2
29 74
14 24
17 57
180 35
126 100
177 20
45 133
137 16
8 30
112 38
56 155
149 6
187 157
167 181
28 174
12 154
144 31
61 95
48 52
52 47
133 115
64 177
158 39
84 103
87 125
173 142
71 149
188 18
51 171
3 93
177 139
195 56
143 146
112 98
179 53
48 7
139 16
104 162
43 156
141 195
194 144
79 129
21 86
84 71
191 4
86 120
147 170
115 6
168 102
35 17
69 86
141 184
137 104
166 83
44 162
23 42
143 52
39 18
70 60
83 162
62 59
84 142
22 34
100 18
34 147
103 24
89 7
161 170
141 45
176 155
117 53
192 9
139 154
8 98
54 75
24 115
17 174
182 106
84 76
114 91
12 104
33 95
127 124
31 127
192 14
X
117 7
66 76
88 101
155 12
107 19
75 106
137 148
53 154
140 41
160 19
15 190
111 110
X
123 173
56 110
155 191
110 163
162 86
134 24
184 190
44 179
121 142
193 22
41 44
78 58
X
87 120
118 69
38 144
71 8
4 133
194 90
118 85
85 82
191 56
X
23 33
24 185
117 162
154 102
123 23
49 189
194 95
188 151
32 19
80 49
108 77
24 127
2 133
35 155
21 87
40 63
182 177
36 144
120 191
148 170
6 184
81 141
32 5
140 181
179 48
91 63
1 23
174 154
12 38
51 141
193 195
152 176
172 47
7 117
76 109
97 69
55 78
190 120
34 64
112 122
151 165
17 167
57 118
45 107
93 119
153 29
74 188
43 166
192 60
110 98
156 57
28 121
143 102
138 182
182 90
15 48
42 155
150 21
149 162
75 174
72 88
71 135
176 109
100 12
69 170
83 83
64 175
137 72
157 49
X
56 118
130 46
88 99
62 143
116 80
67 160
138 109
4 93
165 90
121 15
119 151
39 31
190 104
24 81
X
34 33
4 39
24 20
46 41
48 171
4 73
42 74
24 138
174 162
103 123
101 189
34 51
128 4
167 4
146 122
157 12
31 192
189 8
143 39
64 143
187 169
13 52
132 38
108 113
9 112
24 25
159 103
154 105
56 158
77 150
191 193
132 171
193 126
X
6 71
86 9
56 20
90 184
181 96
113 27
132 131
145 197
113 100
180 39
27 114
155 101
161 84
138 154
33 103
X
193 50
13 57
74 67
31 5
131 188
137 13
173 189
53 88
130 192
131 114
96 166
29 47
182 5
53 187
111 73
66 72
175 162
X
159 104
49 153
193 3
27 139
30 186
129 156
100 166
121 149
125 59
150 9
95 52
154 49
15 192
X
X
145 116
192 11
36 103
126 174
67 135
11 6
105 39
62 180
115 24
122 80
92 40
22 83
171 38
138 19
137 154
X
25 139
63 48
175 172
40 31
180 5
73 88
70 56
109 35
165 91
51 22
177 26
180 117
52 69
180 119
81 54
96 85
78 80
136 73
61 1
176 83
85 32
29 120
21 6
88 121
12 76
152 57
38 114
85 33
134 77
142 42
93 184
186 73
12 107
X
144 59
117 39
17 188
50 75
148 160
164 168
169 20
57 32
46 36
97 98
11 142
155 85
4 120
X
14 44
118 70
115 49
165 60
162 121
106 64
55 145
108 167
11 166
92 109
24 119
X
32 195
4 154
57 119
80 27
7 27
6 46
120 108
52 127
96 159
165 181
91 89
166 194
85 30
50 190
129 188
18 125
X
56 7
27 53
161 134
152 88
135 177
80 13
51 120
X
126 109
179 186
X
137 114
88 145
54 5
12 89
185 155
35 31
110 111
72 194
70 86
99 172
16 89
124 31
176 172
152 182
92 174
141 164
162 82
158 57
159 96
54 113
178 83
163 152
144 120
94 30
162 120
67 40
50 44
47 2
20 32
54 125
18 175
30 73
135 171
163 94
27 134
167 180
158 18
123 110
14 72
125 36
33 52
25 68
95 14
82 90
162 130
96 66
131 65
141 147
177 96
23 165
123 176
117 184
175 108
157 136
127 113
170 31
55 5
45 62
177 172
38 181
24 79
X
115 167
42 120
163 108
23 166
108 187
178 62
27 94
133 130
190 119
50 47
34 103
192 30
120 37
136 108
118 95
185 89
156 68
169 188
138 170
147 89
23 195
190 79
158 153
5 58
53 181
107 70
163 118
91 177
96 81
126 4
161 136
8 123
123 74
136 170
152 86
X
57 191
X
34 138
29 160
192 172
87 167
55 16
137 152
120 133
159 106
143 29
64 180
68 172
71 148
157 70
X
102 17
193 193
63 178
108 161
60 127
194 88
54 118
61 128
41 6
139 74
90 154
161 174
132 100
141 55
51 34
100 172
153 31
64 116
183 124
45 137
94 43
36 146
48 5
110 122
90 183
66 4
X
99 110
111 132
7 113
54 108
192 142
X
69 73
30 160
19 115
6 141
103 182
55 32
20 190
127 120
97 194
71 139
143 106
76 46
22 141
167 86
16 116
192 86
123 170
157 135
163 93
140 9
111 179
141 75
169 139
79 1
85 99
72 125
1 92
151 180
106 47
X
35 75
168 75
165 118
11 178
40 172
72 91
183 49
173 33
128 52
56 88
110 138
87 197
17 123
77 121
148 57
159 8
67 134
149 18
161 96
13 93
40 36
188 14
96 69
192 158
158 21
5 133
120 195
155 86
141 40
55 75
86 114
56 136
69 89
X
43 94
98 68
14 69
181 2
17 124
11 80
122 112
132 63
68 136
108 19
93 108
X
171 8
X
29 106
X
X
89 149
29 161
66 172
127 8
19 191
138 171
22 26
170 87
187 160
189 104
33 161
68 36
161 30
190 168
102 8
159 76
169 140
10 14
188 175
106 182
151 22
101 176
160 20
174 76
60 58
180 90
176 197
105 58
168 52
175 133
147 92
53 3
66 181
87 83
193 187
170 41
83 73
103 147
93 122
157 60
100 152
34 49
32 110
149 64
99 167
34 148
110 84
181 71
165 115
98 14
77 107
139 100
102 134
55 150
18 135
9 131
181 181
140 89
67 17
146 146
63 35
70 72
78 81
153 93
121 42
112 186
44 124
194 49
3 183
160 174
70 126
170 90
28 12
124 23
38 196
169 103
125 75
76 90
49 8
70 45
182 186
121 187
11 93
60 3
161 95
143 180
1 161
81 90
148 68
90 148
184 155
74 83
5 149
187 138
124 130
188 78
64 3
140 96
40 196
179 58
42 181
141 160
51 33
88 197
172 33
62 3
13 128
7 111
4 119
192 38
2 25
66 35
122 108
163 116
61 13
8 153
X
91 2
178 122
81 2
110 140
38 87
14 108
158 104
183 48
59 128
70 120
22 138
155 193
88 56
167 46
5 60
55 21
53 141
166 104
103 88
121 79
34 105
113 175
105 127
X
31 33
76 89
127 4
105 179
124 10
180 30
137 176
177 143
16 24
16 55
27 40
158 31
194 2
57 187
102 19
90 105
110 101
119 43
78 102
46 67
46 106
66 178
55 194
146 114
96 50
165 177
89 1
75 98
53 124
175 102
31 110
168 26
128 180
50 74
125 74
187 139
125 80
99 158
89 3
191 170
85 83
132 192
37 89
177 108
56 85
145 64
11 4
190 46
X
61 156
121 75
3 95
179 62
5 119
140 160
87 3
110 178
121 185
187 137
43 124
190 35
18 119
70 3
4 139
93 64
41 4
41 196
168 39
45 5
188 120
158 56
113 150
136 132
192 22
63 172
174 158
88 7
191 178
143 58
130 29
192 130
42 37
193 130
125 84
93 140
21 60
6 123
56 24
189 65
12 15
68 56
187 140
27 85
137 20
58 139
91 131
191 59
142 29
90 180
130 25
42 82
128 37
41 97
53 90
181 5
129 31
88 110
53 102
3 186
165 6
118 84
108 59
X
X
156 154
155 43
7 16
113 6
71 72
28 127
144 105
185 77
75 139
81 45
103 142
43 87
74 30
15 27
48 110
79 180
11 2
21 9
144 182
13 44
106 74
80 29
161 189
117 95
41 193
74 82
91 51
35 32
55 7
90 1
69 71
137 95
142 180
89 58
71 162
175 171
175 161
149 90
137 9
X
147 182
37 88
146 145
79 177
X
147 191
77 14
52 88
158 30
157 137
76 88
147 158
124 100
96 68
196 95
162 122
134 110
65 48
63 182
64 155
65 180
130 183
139 176
22 87
X
177 132
116 49
131 112
55 173
65 31
138 105
195 59
123 91
4 153
X
47 10
97 107
188 119
136 167
152 31
130 4
X
141 95
188 35
51 187
167 87
93 109
185 138
56 137
4 72
24 124
154 135
184 38
186 104
103 111
124 132
50 84
33 17
42 75
82 72
57 182
40 142
135 72
98 19
150 17
13 40
5 30
127 89
91 23
112 101
102 71
34 143
147 118
74 29
57 107
97 112
156 124
157 194
156 155
194 79
49 47
122 104
89 33
171 18
193 144
130 31
64 31
180 3
24 87
88 190
143 40
93 85
161 83
42 70
135 75
36 18
55 195
114 179
22 134
87 93
104 32
X
65 168
142 145
148 93
34 125
87 82
182 25
177 58
X
107 124
169 101
138 45
122 126
84 137
139 41
93 84
143 148
126 183
49 40
14 67
7 60
40 29
137 139
79 178
10 147
161 172
80 56
6 102
39 15
71 74
40 27
17 55
92 140
167 29
93 79
51 124
17 168
149 94
33 54
44 115
88 54
69 50
110 15
69 36
167 32
138 92
155 5
100 173
56 58
134 20
29 97
93 65
15 119
145 29
108 72
124 80
23 151
52 27
111 76
94 40
160 8
154 82
108 124
146 166
147 57
190 156
45 134
29 105
13 179
194 179
105 153
168 91
191 52
8 75
109 100
X
173 47
154 70
165 197
195 32
159 40
X
132 98
85 141
150 76
121 154
179 108
135 144
101 191
50 192
15 132
56 114
187 142
36 181
146 36
176 143
19 62
53 43
95 138
41 27
173 46
40 15
152 37
94 189
95 137
67 16
87 95
34 107
110 147
41 17
118 39
98 108
44 180
41 88
137 11
97 157
102 147
X
88 8
17 43
81 88
86 59
56 60
166 152
8 71
12 67
97 156
143 82
98 91
121 184
166 168
46 123
137 15
120 9
160 130
191 50
43 135
71 87
8 88
140 91
79 2
151 16
114 83
149 30
1 93
X
34 185
52 124
137 140
67 162
10 132
61 162
73 152
173 12
162 195
161 42
86 93
35 152
169 183
92 113
117 10
28 134
16 107
X
138 152
84 96
68 121
10 111
130 45
71 189
150 185
101 172
121 78
83 4
164 6
35 77
53 87
178 124
59 5
140 75
153 180
44 96
86 28
93 138
193 129
6 60
148 104
186 172
159 130
69 6
20 153
25 169
38 128
183 109
12 179
95 51
151 8
104 72
143 67
126 89
117 80
91 24
128 188
X
163 155
86 121
33 125
167 182
131 192
45 123
6 183
36 175
114 8
134 103
106 141
53 89
20 60
56 4
147 21
92 173
63 97
89 175
36 170
76 38
51 17
122 122
149 160
168 64
91 54
107 159
189 82
125 31
180 196
192 160
45 158
157 13
169 61
153 43
88 93
49 105
159 172
173 191
51 15
96 18
38 54
40 147
169 52
5 194
42 69
187 106
43 179
78 32
67 36
152 83
158 40
80 4
95 98
139 73
112 191
94 83
134 40
19 192
132 167
23 169
141 80
53 75
178 36
147 65
119 60
87 161
152 89
27 135
184 31
76 3
108 86
164 153
98 130
134 18
57 134
99 156
88 96
185 88
28 51
180 95
154 50
145 148
116 141
121 151
192 88
14 187
116 179
20 192
184 140
57 34
95 50
147 6
85 156
16 176
170 40
85 17
27 72
175 101
34 135
17 68
138 163
62 11
34 193
3 192
150 114
124 76
150 18
128 64
55 102
116 142
119 53
181 48
32 33
146 103
171 74
190 192
148 150
69 91
12 128
30 119
127 47
50 90
8 165
42 76
189 18
195 146
94 130
61 145
36 108
195 114
13 180
133 100
151 135
90 168
179 101
75 166
139 77
31 98
118 159
32 66
162 189
31 104
25 183
34 137
183 138
76 178
33 90
41 85
30 30
107 188
20 191
55 51
165 167
127 110
42 85
15 104
38 70
102 154
69 87
110 159
40 44
183 194
86 99
23 62
182 136
16 115
40 19
173 64
23 147
166 170
76 93
172 164
183 108
75 96
125 9
60 89
182 36
162 129
194 29
97 195
31 163
41 128
69 90
167 59
55 118
110 185
11 179
92 136
152 52
177 97
153 176
10 141
20 115
74 2
124 172
116 95
74 90
30 8
171 73
178 3
123 149
24 24
43 96
53 20
22 102
70 2
66 160
195 188
9 165
16 118
67 31
82 77
79 33
101 24
111 36
170 53
79 174
111 39
182 95
97 164
75 164
156 3
107 191
96 31
117 82
162 13
123 145
91 109
147 160
53 67
45 155
14 46
92 25
18 136
5 61
100 89
184 36
114 94
25 87
178 26
78 178
147 78
76 2
43 10
20 189
108 159
54 182
55 115
22 136
97 85
99 14
197 183
158 1
97 192
29 171
122 113
133 145
180 27
9 14
7 172
176 60
95 12
157 63
167 132
141 94
11 12
15 93
120 125
67 103
35 186
97 99
32 28
57 110
181 54
128 62
192 8
33 27
102 149
156 53
33 108
22 103
111 142
3 138
146 58
135 110
156 56
61 6
57 20
142 16
75 136
55 43
99 159
11 146
193 179
98 69
129 52
174 51
161 10
197 179
17 46
65 105
75 91
95 22
12 40
93 43
60 6
167 2
76 29
40 88
129 28
83 44
55 158
181 81
36 53
167 191
15 134
149 185
45 119
76 7
33 26
74 190
192 157
19 104
79 176
13 108
112 178
72 191
68 190
152 94
144 39
192 56
104 176
93 111
70 47
15 67
142 96
152 180
133 113
144 145
107 73
81 137
126 98
28 167
23 181
50 163
110 187
12 131
138 120
21 65
88 95
152 181
3 177
112 37
127 31
138 167
93 68
175 12
84 18
155 105
64 146
169 108
136 110
104 140
100 189
93 66
64 6
16 153
158 133
72 86
88 124
141 53
190 169
5 73
125 56
67 75
69 139
69 20
148 148
156 178
123 159
31 161
168 192
190 130
139 80
144 52
32 65
110 87
194 5
66 46
28 53
148 76
55 176
151 42
74 6
64 46
61 3
56 69
105 163
110 88
1 21
29 95
170 46
13 134
71 5
43 36
177 31
127 14
110 186
65 116
146 64
76 50
120 12
6 21
2 95
98 131
33 20
128 65
180 69
178 105
71 190
64 16
20 147
57 189
53 146
84 139
88 51
53 17
89 157
184 25
20 156
110 110
119 185
145 23
69 92
119 164
71 105
195 93
132 54
159 75
187 77
71 70
143 196
109 149
87 148
101 8
74 58
61 62
177 119
9 48
178 132
110 19
52 118
75 107
149 95
155 41
25 116
47 122
70 49
83 50
146 55
172 182
24 193
166 86
53 147
73 149
110 38
52 100
71 86
61 8
93 110
136 173
14 132
27 141
136 9
24 118
14 51
188 9
161 139
170 188
64 168
175 83
100 8
15 137
68 75
109 162
162 193
183 122
161 40
48 152
54 7
36 51
2 190
136 90
116 6
117 86
26 81
48 157
103 130
35 137
145 189
192 192
71 166
24 147
14 176
73 3
162 18
158 191
134 189
192 36
31 31
122 27
76 82
121 195
171 108
10 139
118 49
42 115
75 189
118 53
127 172
87 112
18 190
88 111
33 33
44 69
110 171
99 189
41 15
11 165
46 6
97 67
145 133
152 84
182 196
164 152
64 182
74 88
82 143
85 97
22 65
193 52
156 1
44 97
142 80
13 187
87 17
106 51
4 141
196 56
78 128
65 51
149 158
149 171
120 162
188 37
75 93
30 45
50 170
180 109
193 95
134 58
20 100
10 49
78 82
78 148
30 31
195 189
175 146
30 64
163 77
12 93
12 84
30 90
178 171
180 101
86 189
148 167
150 78
40 160
174 194
182 117
42 90
35 73
33 28
20 125
76 147
32 172
80 15
129 160
90 120
79 34
171 65
71 125
106 186
78 50
55 116
20 169
39 194
149 181
25 16
185 141
133 167
176 119
89 189
19 152
23 66
49 29
63 127
150 162
124 181
123 84
146 59
178 119
91 175
46 110
137 105
116 167
19 21
146 54
34 31
113 148
141 148
90 149
111 185
104 90
76 80
26 129
119 166
169 26
42 89
18 9
175 195
178 130
25 17
28 165
65 17
9 167
152 185
119 158
57 180
188 174
91 91
46 10
116 24
50 86
150 166
53 48
144 40
105 24
197 60
177 158
171 121
50 124
153 137
1 94
106 72
184 29
2 43
183 54
4 24
80 34
169 21
12 9
147 183
93 180
70 139
92 22
91 119
5 146
188 177
11 181
166 197
148 118
26 116
20 149
125 13
6 182
148 169
17 165
171 31
4 122
38 52
41 9
98 17
138 21
4 92
50 14
167 5
9 3
73 132
38 113
118 89
57 136
30 72
1 41
81 73
131 56
164 60
155 40
17 42
96 62
147 68
159 15
11 14
38 195
31 146
106 68
126 26
127 37
127 179
189 127
69 169
119 56
31 150
105 140
42 2
53 167
13 71
16 133
55 153
81 127
27 174
123 152
161 36
48 151
119 167
76 30
32 174
43 160
66 119
177 69
189 37
61 12
175 10
103 179
174 6
66 34
3 174
58 136
20 123
87 108
48 153
14 36
90 4
16 74
160 42
162 128
97 13
127 121
145 117
111 150
188 65
174 142
6 16
130 165
137 147
97 191
194 81
56 150
39 124
171 110
89 51
122 107
98 97
110 56
78 176
81 57
190 165
163 86
56 154
103 172
179 20
161 74
169 72
66 8
190 160
54 127
102 130
22 24
184 39
175 96
71 151
78 157
5 102
103 134
83 47
176 78
138 184
86 123
102 111
154 68
65 162
16 76
65 34
180 194
179 117
161 115
21 25
128 155
86 32
110 86
87 154
88 30
98 6
95 157
8 122
78 125
105 59
132 42
9 110
7 121
141 42
20 168
115 82
160 105
97 14
154 88
53 145
137 167
3 165
121 60
189 114
92 42
63 170
168 59
118 160
106 122
38 116
68 58
13 14
96 52
2 163
157 155
138 90
13 9
42 98
123 80
61 163
50 126
139 160
19 17
117 164
42 91
103 181
93 133
132 40
62 34
148 147
194 142
177 92
78 39
170 61
39 27
106 16
104 88
167 176
110 16
155 37
11 39
109 17
133 162
110 113
18 137
30 116
49 190
19 20
121 153
79 175
191 189
109 101
31 186
128 156
54 124
119 49
156 101
43 9
103 140
87 123
132 58
77 60
165 161
116 86
113 7
160 193
76 36
67 15
154 39
154 69
188 77
184 35
111 191
40 171
38 125
53 158
137 123
92 131
102 109
44 2
34 139
8 61
23 87
20 34
187 73
76 149
21 85
52 116
146 102
175 138
58 137
184 30
11 87
54 144
59 127
179 5
51 175
76 119
17 6
91 93
81 139
44 112
166 84
135 167
9 129
127 125
92 180
41 144
160 124
91 90
99 112
156 54
25 47
167 56
146 188
70 131
194 130
84 77
178 118
67 119
18 167
61 191
34 75
53 40
162 172
190 22
121 141
146 134
26 192
78 96
41 148
57 195
49 90
77 96
30 88
159 77
111 148
24 125
92 129
12 106
151 38
157 157
164 87
115 80
42 94
104 154
167 196
99 97
156 157
189 102
69 114
82 136
149 21
27 83
12 87
141 58
110 134
86 112
9 5
59 2
20 151
44 63
105 28
5 99
145 31
166 133
33 94
152 85
119 51
189 10
104 28
120 154
61 178
179 95
108 169
41 82
12 6
104 148
15 80
136 15
88 72
63 46
191 82
66 39
41 3
24 80
73 131
104 159
94 138
4 186
105 72
100 6
188 116
142 148
185 90
102 64
102 133
72 3
146 68
156 60
13 79
103 144
157 142
102 5
180 179
193 57
118 164
150 159
149 91
177 101
163 167
190 76
190 82
57 23
190 117
117 84
32 173
169 33
69 190
177 71
65 119
167 48
107 55
141 77
37 136
134 144
55 14
57 75
49 55
26 136
185 166
187 100
156 146
190 100
118 106
87 21
163 110
121 37
30 192
189 41
147 39
78 97
66 38
153 57
31 148
152 93
100 130
162 10
109 55
55 20
92 123
24 126
160 96
40 17
110 175
49 9
43 157
78 34
37 75
30 46
179 52
113 142
165 195
94 25
74 127
147 90
104 34
156 70
177 134
27 16
180 193
98 133
75 132
27 169
13 68
62 192
117 163
148 130
101 25
192 195
170 108
187 155
116 175
64 188
159 102
123 59
89 177
1 178
191 156
132 189
117 43
138 113
36 171
115 84
119 144
42 18
77 58
40 163
170 141
178 38
158 157
96 65
122 30
117 37
189 129
136 121
44 114
31 63
33 97
161 194
133 54
98 195
49 108
11 175
103 108
42 112
108 13
88 52
128 182
107 127
132 62
38 64
109 134
178 134
124 88
111 77
123 158
88 1
66 163
4 150
141 83
158 109
146 75
147 8
169 123
161 191
29 134
24 135
162 20
109 39
148 185
182 54
65 163
74 102
65 47
181 183
127 112
168 158
181 82
55 49
168 104
35 143
33 87
68 118
194 189
189 170
17 24
63 49
117 185
80 38
146 164
167 47
124 174
175 145
106 58
150 182
147 23
169 56
86 110
57 108
33 8
89 167
67 156
138 168
99 27
160 123
83 69
7 166
85 72
14 134
87 114
84 87
26 121
118 28
35 33
75 27
18 187
1 42
157 196
104 64
26 183
17 115
108 158
21 66
169 195
144 36
50 76
33 110
169 41
118 158
160 172
17 25
33 183
36 137
31 89
45 3
134 102
132 64
84 97
132 65
169 91
177 124
141 73
107 118
155 83
97 158
145 194
191 35
147 119
124 90
170 132
145 119
94 33
149 114
165 78
190 48
118 107
34 108
190 105
13 104
90 40
191 3
