25 62
49 53
84 86
90 42
77 59
40 95
9 34
24 12
41 44
90 66
22 76
15 79
70 65
55 58
34 72
45 46
57 61
87 95
22 10
85 5
37 82
44 13
24 38
5 70
2 58
63 85
17 4
34 21
26 84
57 43
80 34
89 8
15 25
1 90
51 76
63 78
4 0
68 48
93 6
11 84
8 87
59 26
83 63
76 42
37 93
41 37
31 97
64 3
24 15
35 25
19 92
61 0
83 3
6 78
6 32
74 3
87 91
75 6
85 61
23 17
52 49
68 4
43 63
66 55
43 34
42 65
10 8
39 25
67 89
72 28
75 40
97 51
88 42
54 57
61 8
78 90
X
33 24
77 15
92 91
15 59
0 48
94 15
32 24
16 79
25 69
75 53
64 89
41 81
95 74
20 64
17 60
64 37
48 22
28 12
56 34
46 52
53 27
79 58
41 96
78 23
73 49
95 44
35 42
46 42
82 15
5 60
41 0
23 22
57 96
25 23
67 21
97 3
93 31
46 11
1 18
12 23
97 64
0 60
69 40
21 14
15 5
89 54
20 66
47 44
73 19
37 25
50 60
56 3
37 31
81 7
90 44
72 19
32 37
44 28
21 73
65 52
58 31
7 77
31 87
60 78
77 10
93 93
68 75
98 14
37 94
49 92
93 20
49 28
93 43
58 39
89 86
69 51
83 47
96 64
58 24
92 21
54 4
67 71
36 94
63 18
20 51
74 83
15 52
26 33
54 54
47 8
65 39
49 20
84 28
21 40
41 3
46 49
66 32
72 29
44 69
31 33
55 34
56 68
49 60
67 62
24 45
13 84
8 38
36 36
42 56
72 37
25 35
54 87
30 31
85 24
4 5
39 59
36 38
92 15
73 71
92 81
50 4
4 72
13 28
33 15
37 59
32 74
10 34
34 0
98 29
32 88
23 77
38 64
49 90
93 80
93 7
44 47
60 63
44 57
75 29
66 60
16 61
78 21
50 47
29 76
58 43
52 95
54 74
64 90
72 2
71 58
76 73
23 36
9 2
15 78
30 77
7 11
74 72
68 44
43 36
51 24
0 55
53 6
19 24
68 93
94 14
78 10
72 64
72 69
7 78
73 89
58 69
31 21
59 29
12 20
65 57
8 32
80 66
44 0
61 73
56 85
43 61
75 54
81 34
65 38
54 14
58 33
25 4
45 52
26 20
58 42
91 94
15 16
30 56
29 39
45 0
90 83
35 77
54 29
32 0
68 47
34 43
4 87
61 90
28 69
6 50
40 32
49 89
17 9
5 89
30 17
12 0
97 94
8 71
63 57
21 95
6 51
67 95
33 71
91 45
47 10
94 7
96 28
68 38
61 61
81 92
82 10
39 67
74 1
46 78
1 95
92 94
5 26
97 93
47 40
49 49
39 18
63 23
11 35
18 51
10 12
11 2
11 40
22 17
82 6
61 1
50 22
74 25
28 66
74 7
75 55
15 68
40 75
87 81
35 72
18 7
11 65
9 3
89 37
91 25
10 14
11 92
91 40
20 13
98 80
87 82
18 96
2 46
52 3
21 52
19 11
71 48
35 28
53 41
57 6
58 94
17 34
31 20
68 83
49 86
78 81
94 72
89 46
50 23
27 12
41 11
33 23
55 53
89 93
78 17
61 69
54 18
35 94
31 31
20 98
28 4
96 23
50 63
33 55
37 27
52 19
48 73
56 47
37 56
48 69
49 96
52 39
66 53
91 31
47 48
62 48
91 26
66 93
51 20
21 59
97 24
3 5
47 97
96 44
1 11
24 98
7 13
7 61
27 59
38 73
84 9
53 77
37 84
86 63
45 31
4 39
87 73
63 44
98 2
2 57
23 13
30 79
5 59
1 44
34 77
75 28
32 22
98 1
3 95
0 56
79 67
20 60
30 16
65 55
73 33
95 27
43 17
39 78
20 24
86 98
39 6
48 36
35 46
0 86
90 22
47 31
52 92
3 85
70 47
67 44
90 23
35 82
60 74
17 12
76 65
6 60
84 81
74 2
55 43
30 54
97 44
79 56
45 10
74 88
3 59
11 55
45 13
87 13
57 5
7 16
36 21
53 73
44 11
77 66
65 11
84 10
72 27
79 30
45 95
66 36
96 94
43 18
46 20
4 61
70 92
2 68
68 51
13 49
89 25
43 25
23 26
52 41
16 14
72 7
74 59
25 22
86 61
2 30
47 41
37 11
34 89
42 19
37 76
92 16
36 82
86 19
55 25
51 54
21 87
89 96
71 94
25 38
56 48
6 49
74 54
69 30
7 50
65 87
24 82
32 64
11 93
39 26
95 85
8 97
59 39
25 48
65 41
61 28
15 12
9 11
3 40
78 37
85 75
79 3
84 94
69 31
92 7
40 84
36 22
61 38
34 17
77 52
42 16
66 39
57 28
48 23
84 13
96 70
32 63
69 60
25 57
84 88
81 67
14 83
45 48
89 70
44 63
44 70
87 22
34 76
72 30
53 67
50 73
50 65
30 85
15 51
2 61
14 75
16 64
52 7
50 38
51 78
30 8
90 33
41 42
91 57
8 5
84 50
80 48
56 98
87 28
77 34
79 65
18 55
5 6
9 90
29 72
59 16
85 73
93 53
15 35
94 6
26 70
82 13
49 36
12 17
66 23
42 62
53 90
47 61
40 11
75 37
20 53
63 64
90 97
6 64
12 74
46 71
70 6
96 90
80 68
22 48
9 17
93 36
43 60
29 28
12 8
18 29
30 48
17 23
40 15
5 14
28 40
45 19
69 37
5 18
9 47
35 9
66 52
15 66
72 49
63 53
27 44
70 68
22 55
28 41
48 13
3 23
13 88
4 1
80 87
23 94
53 14
63 40
85 54
7 39
73 36
2 56
6 52
25 28
96 15
87 78
72 54
48 53
40 0
89 45
42 38
35 31
95 75
3 28
8 95
75 89
45 92
43 47
33 14
13 37
61 78
21 9
41 78
44 78
44 89
7 32
78 80
92 72
47 54
22 58
69 63
X
34 80
75 77
76 13
69 57
88 84
34 26
52 45
77 14
12 78
21 39
6 46
35 50
87 50
47 57
93 5
6 13
58 63
41 36
41 7
75 24
95 10
55 84
60 81
4 32
96 14
28 86
45 16
80 57
39 28
81 22
88 65
3 52
9 35
58 77
19 78
90 1
35 29
9 96
54 61
44 16
50 12
56 21
65 42
22 29
78 29
85 85
5 86
39 9
24 17
38 79
84 7
83 18
51 60
82 80
11 53
90 55
98 49
49 3
3 72
47 55
21 63
15 85
26 11
78 30
34 46
12 53
81 56
34 14
34 28
75 22
11 34
64 84
79 12
36 78
16 98
46 35
16 70
92 20
32 67
80 3
23 15
84 34
10 11
71 38
16 93
4 82
71 60
10 91
81 30
32 42
63 8
48 37
90 61
5 27
7 98
40 56
18 80
37 18
87 11
70 9
14 35
61 37
82 52
54 56
17 55
34 71
4 17
61 59
43 66
54 91
2 66
71 49
34 32
71 26
79 62
5 65
30 91
82 81
72 67
73 14
86 94
12 48
30 20
25 46
77 71
49 51
2 50
55 63
51 64
32 49
85 40
67 96
84 72
51 96
66 30
8 29
42 1
53 91
15 98
34 74
85 33
89 91
53 26
15 40
96 96
3 89
80 10
24 37
10 25
3 57
32 90
46 12
16 60
49 73
64 57
3 69
56 92
98 34
7 17
52 10
33 67
12 84
81 1
97 45
57 80
4 24
49 87
92 54
69 29
46 53
82 42
56 80
82 49
81 87
29 91
50 34
72 0
77 87
33 95
78 84
55 41
30 4
84 84
55 14
54 69
45 29
58 96
65 72
55 36
66 6
22 15
59 3
52 76
38 7
29 20
55 20
55 69
55 6
66 64
90 75
26 69
41 43
19 21
44 39
66 44
43 68
98 63
56 24
69 64
81 94
93 15
46 31
71 81
10 36
92 73
45 22
40 5
24 19
15 93
48 63
10 55
6 12
44 68
3 22
89 67
98 40
6 95
2 45
43 33
98 11
46 45
54 25
38 23
66 26
4 65
82 14
82 87
80 90
66 5
48 97
76 80
60 80
60 55
13 72
84 98
89 65
49 18
19 72
16 97
34 56
7 51
77 75
37 7
9 58
82 18
16 49
81 91
10 29
20 93
95 82
87 0
88 0
22 11
64 18
54 49
80 88
84 29
61 63
22 78
78 18
96 95
51 53
75 82
46 29
52 62
27 77
45 89
43 24
11 45
60 88
85 43
81 29
11 75
83 85
48 94
64 91
10 61
45 8
7 46
65 98
56 73
28 52
5 56
2 53
91 21
38 32
74 81
94 64
30 68
11 19
65 80
22 57
71 0
24 25
12 43
68 40
33 7
4 73
4 15
15 14
81 45
12 67
0 76
96 30
15 13
31 70
96 75
5 28
23 6
67 31
17 65
79 93
87 54
45 50
20 97
93 28
17 98
6 58
45 91
51 58
5 78
84 17
33 52
74 20
21 64
20 65
47 89
94 21
56 26
87 41
56 45
69 7
73 93
38 47
19 33
17 27
80 5
20 19
36 51
48 40
68 63
44 36
69 41
34 87
76 57
38 78
36 55
47 64
58 90
95 97
89 23
85 39
X
24 16
58 73
59 83
23 1
88 22
28 20
78 4
56 25
73 57
44 22
53 13
16 71
91 75
54 27
32 46
84 70
79 73
33 86
64 47
14 33
92 85
11 46
31 29
96 68
28 62
24 34
64 6
28 31
4 90
28 48
72 3
70 14
43 57
85 9
85 18
63 49
53 50
55 45
57 54
18 93
60 73
93 63
43 78
20 57
70 64
65 53
89 31
63 9
98 10
10 76
5 38
65 83
23 18
33 48
44 41
74 35
3 51
12 18
51 27
47 20
32 1
8 51
97 87
47 47
38 86
45 93
50 6
7 58
11 67
66 58
65 94
39 93
83 62
83 20
36 25
90 38
8 55
91 53
45 18
63 72
32 62
68 39
16 16
34 36
5 7
X
50 17
71 73
69 70
18 88
74 17
59 68
42 94
95 53
61 10
58 40
48 57
0 12
21 56
75 75
86 78
25 90
14 64
12 63
5 41
63 83
37 1
35 32
81 50
44 25
83 22
33 50
89 76
63 46
68 90
25 39
83 13
45 80
62 49
48 89
34 24
50 88
90 77
46 91
65 66
62 10
60 82
74 19
21 45
60 61
41 90
89 39
74 43
74 62
23 70
98 88
75 74
41 5
75 57
90 93
17 97
62 46
49 45
28 44
57 41
25 32
41 12
11 17
31 50
11 60
65 64
13 96
X
21 60
69 21
48 46
96 65
36 39
28 46
57 44
89 57
33 72
79 78
41 6
81 11
5 1
4 38
73 72
59 87
43 79
12 89
21 20
10 65
57 88
44 14
90 95
68 10
34 57
91 97
80 50
74 9
81 3
94 62
12 72
21 71
98 61
67 29
84 14
48 59
40 78
80 78
43 76
74 30
7 56
77 79
72 43
56 27
30 82
40 76
76 40
70 91
74 51
55 1
56 6
33 22
55 77
33 65
50 64
70 61
68 29
88 78
71 36
87 15
61 81
57 82
36 67
73 24
49 7
13 7
8 21
12 54
78 89
91 33
87 66
22 97
4 30
97 65
78 20
35 27
29 2
27 20
3 25
55 98
82 16
17 69
29 36
81 55
11 97
50 43
85 79
12 73
3 82
29 0
39 47
50 8
12 11
19 74
43 75
1 96
87 98
86 88
13 60
65 44
77 16
27 87
57 67
62 74
76 83
59 37
39 75
22 74
36 89
39 46
3 63
66 47
98 43
59 91
66 72
33 13
37 49
41 8
35 69
35 91
91 60
X
90 12
40 1
15 2
88 68
28 47
7 94
48 33
10 16
91 24
71 35
7 30
41 27
88 92
71 1
74 57
X
7 85
66 17
94 28
81 57
10 58
30 57
14 14
80 9
12 9
91 76
64 65
70 23
60 40
49 44
54 44
9 72
91 13
92 35
54 6
8 20
8 52
93 74
23 96
30 81
64 78
18 95
47 33
78 61
66 25
29 23
88 67
14 68
59 78
24 54
36 46
15 95
80 64
65 54
9 70
36 28
15 86
3 9
30 53
94 33
3 83
52 29
60 16
82 78
84 77
92 67
52 38
X
29 52
85 63
81 24
90 20
58 45
60 33
51 21
25 80
96 69
14 15
95 93
60 27
61 55
23 91
X
6 6
77 29
17 42
45 35
97 2
84 91
40 22
88 34
57 21
52 34
80 94
45 45
5 63
X
83 23
60 68
38 49
21 22
21 53
18 15
76 25
97 48
57 92
10 77
31 74
32 81
1 86
15 92
57 57
79 41
5 40
9 36
30 90
96 42
83 60
70 72
80 79
84 66
3 66
65 10
59 60
83 17
15 6
67 94
38 53
62 7
20 2
82 85
44 30
97 8
85 82
60 89
13 11
19 15
17 18
44 31
57 74
15 28
87 84
72 74
91 6
1 98
15 88
52 78
14 80
25 3
78 54
69 36
6 86
89 56
4 23
55 59
51 47
88 54
10 97
69 80
55 12
38 28
86 65
30 35
X
53 56
72 71
13 62
12 24
94 89
8 13
89 84
76 38
14 90
45 88
24 97
7 8
47 30
21 25
87 17
71 12
88 63
97 4
54 5
50 13
66 3
70 29
4 53
79 11
87 6
56 36
74 70
51 42
23 98
18 92
59 62
96 51
24 85
73 60
80 7
9 54
10 10
97 50
46 82
12 28
48 35
30 87
51 38
66 48
41 19
75 85
12 69
95 11
3 11
14 8
21 8
17 35
82 3
76 67
72 63
89 12
96 84
94 31
76 58
93 92
19 13
81 77
68 28
1 87
88 77
20 23
65 59
75 98
11 14
89 15
65 34
51 52
75 44
86 31
64 41
85 42
6 54
95 81
27 42
39 72
62 29
27 6
63 71
29 9
46 39
79 59
95 57
75 23
73 52
16 48
98 41
8 74
3 34
3 10
64 8
71 27
80 55
61 41
18 20
83 2
45 42
15 3
41 24
93 34
81 6
27 28
83 82
78 65
19 8
62 60
23 31
4 81
57 7
61 66
10 72
45 81
54 16
71 64
86 5
X
7 64
88 15
88 88
23 16
47 21
2 89
38 27
27 10
77 70
73 94
53 54
66 76
75 61
95 41
63 11
67 98
48 12
19 56
93 73
72 25
39 86
49 58
53 92
96 62
88 14
85 28
27 70
21 96
69 62
65 33
94 60
43 48
45 25
74 93
71 46
83 91
7 63
16 58
80 77
28 27
47 78
10 59
64 5
54 45
64 77
25 68
0 20
18 58
87 24
63 37
43 21
55 57
10 39
1 67
30 74
67 7
47 95
11 18
77 33
29 80
69 1
11 83
33 91
56 83
74 74
11 21
78 94
2 18
50 92
53 86
90 32
15 72
63 42
6 72
21 16
39 14
35 47
58 71
42 91
84 51
72 56
66 4
4 10
79 17
45 98
54 62
11 63
83 56
63 17
57 11
83 79
13 81
12 56
13 85
19 42
77 83
82 53
6 89
45 1
9 82
97 72
57 42
46 3
36 93
61 71
X
44 65
47 73
98 18
37 78
79 23
73 61
78 46
42 42
12 62
97 68
93 90
16 13
1 12
26 52
72 76
84 56
6 2
43 84
43 85
76 62
8 25
13 41
24 55
50 68
36 80
68 76
48 74
58 14
40 87
4 88
56 23
16 86
91 18
68 96
79 82
37 58
7 14
97 70
87 79
86 64
19 34
82 86
10 46
70 63
69 89
5 11
14 39
56 28
14 72
89 64
83 96
20 28
25 56
65 47
4 43
80 61
30 19
63 24
47 85
87 51
53 82
61 56
66 71
7 20
66 81
94 76
13 48
56 55
83 66
22 71
15 65
30 33
76 63
75 87
16 5
64 56
82 98
19 25
58 41
31 34
19 79
51 89
35 78
22 4
23 52
75 7
34 49
23 68
28 73
20 33
20 80
12 91
39 77
65 91
81 19
86 62
11 66
0 93
20 8
85 81
90 50
29 83
88 70
92 31
68 84
10 26
14 77
72 86
73 56
12 15
97 36
91 52
9 91
22 31
12 79
31 60
43 58
14 52
92 82
0 21
28 3
34 11
82 79
78 85
83 0
9 50
52 89
29 49
22 38
6 47
92 13
53 29
88 43
23 33
63 91
8 18
97 17
31 98
29 90
95 12
42 66
79 66
28 81
66 82
2 90
57 3
85 36
0 65
78 71
79 2
67 84
29 85
40 18
79 24
73 70
82 46
12 95
62 66
48 6
73 75
19 12
41 58
60 22
19 81
4 37
95 59
61 15
55 60
50 78
71 53
93 42
55 0
69 9
89 80
81 26
84 67
59 52
49 54
8 45
57 69
38 12
77 37
5 69
14 24
73 38
45 47
88 27
85 86
23 11
53 47
76 61
86 44
61 16
40 85
29 5
72 4
87 53
35 81
33 21
20 45
0 94
98 7
57 12
8 53
46 79
62 27
27 2
70 70
32 40
59 46
36 85
36 0
20 18
65 75
70 43
31 37
7 68
98 48
89 85
30 52
17 3
1 65
40 79
73 1
74 79
84 6
5 15
5 91
73 82
95 31
23 29
87 2
74 80
24 29
4 48
70 48
34 23
16 55
74 5
54 92
98 66
70 42
70 35
22 21
60 35
94 4
55 67
10 73
25 12
50 27
75 79
82 65
98 87
77 65
81 54
72 95
75 17
50 41
37 20
72 34
74 82
75 9
60 91
72 65
72 52
6 66
96 74
70 59
7 22
65 46
16 52
23 42
17 59
92 66
59 28
18 74
59 7
80 24
68 12
98 70
49 59
21 46
63 80
68 30
42 96
70 56
63 1
58 32
34 91
84 3
57 77
41 15
14 13
66 51
7 27
43 5
10 41
X
86 55
29 77
84 85
90 53
71 57
79 70
70 73
43 93
94 16
23 76
72 32
68 71
92 42
46 1
80 20
96 59
26 34
7 55
38 19
42 25
82 90
18 89
70 10
90 41
26 66
43 86
68 25
67 58
33 28
98 35
75 59
71 96
88 4
49 11
86 2
2 48
23 57
33 19
33 32
95 90
83 29
66 65
69 25
20 96
12 29
82 33
10 82
10 22
70 98
63 10
37 61
41 95
51 62
76 70
32 36
69 92
72 87
98 45
89 6
57 25
59 18
54 89
63 2
56 56
56 14
57 83
29 30
72 12
13 38
9 57
1 93
32 97
96 83
1 47
96 47
62 57
1 81
19 20
12 14
5 95
57 85
14 86
67 38
39 10
8 89
19 88
46 40
14 97
83 88
25 26
17 33
14 78
39 91
24 40
14 25
68 60
95 58
28 15
24 28
72 59
51 9
31 79
52 85
32 45
18 22
34 45
22 9
81 33
22 98
84 38
97 55
20 34
20 69
74 4
74 16
97 42
44 18
46 28
54 36
41 20
98 57
76 55
56 63
52 77
46 7
62 62
69 49
37 34
56 59
60 54
32 85
41 26
67 30
56 11
11 57
12 76
78 72
19 17
8 70
16 15
5 44
29 65
55 51
63 70
56 1
9 92
18 72
85 62
81 88
43 65
80 98
79 57
74 49
66 45
29 40
28 2
86 40
27 15
58 97
78 55
38 14
29 6
5 16
43 71
69 97
7 83
62 31
23 23
92 44
36 56
46 92
42 61
9 37
11 98
49 41
91 72
73 31
79 16
31 82
49 70
79 71
7 86
69 24
98 85
97 58
37 47
68 41
98 9
59 4
53 43
6 71
77 55
15 55
35 83
44 59
36 32
76 34
91 15
92 40
91 41
73 4
7 29
75 86
83 73
45 59
3 50
9 51
57 46
66 7
73 37
78 13
58 46
79 94
50 45
79 39
66 85
9 98
79 45
8 66
19 65
87 1
43 20
27 33
6 96
4 66
19 51
60 75
53 3
47 17
43 16
24 88
41 17
12 33
62 11
50 49
37 90
69 26
20 79
38 70
58 62
4 40
53 25
7 25
79 38
57 91
76 1
79 95
X
52 58
67 48
14 91
60 83
80 13
11 88
12 27
55 68
30 93
74 45
71 14
19 52
61 92
69 17
37 45
94 53
54 12
91 42
90 98
42 59
50 21
88 36
58 52
49 2
91 59
10 1
60 66
70 83
98 21
23 80
80 46
93 23
89 82
37 48
6 83
17 28
26 85
82 0
45 56
14 9
70 93
22 70
95 96
88 25
5 83
35 88
12 77
6 19
13 35
85 98
59 61
5 8
63 15
5 66
23 32
52 20
35 20
73 50
55 29
4 93
5 82
46 55
23 43
92 27
9 94
38 29
7 26
26 22
27 30
84 60
35 7
41 86
37 91
90 82
2 28
27 52
32 14
19 53
67 3
87 90
21 57
89 81
51 65
56 7
40 13
16 10
73 51
94 23
89 75
16 91
3 94
89 14
51 29
51 39
87 33
26 90
2 14
56 60
79 36
15 89
77 32
43 38
80 26
47 16
23 65
13 21
45 55
8 28
82 76
28 22
42 79
5 53
36 29
98 42
9 26
16 9
12 97
5 88
87 70
38 20
58 67
2 52
41 66
93 54
11 47
24 50
56 8
33 25
13 71
62 69
59 93
79 91
89 32
9 41
96 29
17 71
45 41
51 90
34 25
50 71
2 54
33 70
73 3
33 49
84 2
0 87
22 32
12 16
76 86
74 55
24 13
42 93
44 62
87 36
77 60
14 62
86 36
53 11
4 55
84 25
56 38
30 84
48 90
6 36
95 98
81 80
65 95
89 94
42 47
97 20
50 57
78 1
7 75
89 13
39 43
45 68
88 98
98 38
49 46
20 7
4 64
26 37
28 67
13 4
0 72
52 22
47 32
58 83
19 46
88 49
56 43
93 57
80 76
73 83
1 70
4 7
62 24
68 23
35 43
58 37
60 1
57 81
2 38
37 26
34 39
38 13
47 56
73 26
29 29
24 83
30 29
25 19
13 76
74 95
85 84
76 30
45 20
78 63
32 50
61 60
0 14
35 66
11 37
34 70
78 92
3 77
77 4
74 33
24 60
0 82
32 28
46 17
62 92
91 82
86 70
83 59
49 39
24 4
10 71
15 41
5 47
28 18
86 79
69 35
46 8
91 23
36 69
77 73
17 73
86 74
96 78
13 47
77 41
6 33
62 23
48 64
34 52
76 84
77 2
0 10
34 27
5 58
9 15
41 45
70 60
26 62
49 97
16 8
38 92
2 9
73 7
79 0
22 39
16 65
50 75
89 58
7 88
79 40
2 33
31 46
71 74
44 24
61 17
71 75
97 32
46 38
56 90
80 82
47 98
46 66
41 69
93 88
7 95
9 21
54 75
90 30
73 74
75 35
16 33
52 24
33 80
39 83
80 2
94 20
28 13
48 44
33 75
68 78
34 78
3 84
80 0
25 72
69 98
64 58
71 51
59 77
21 31
83 83
51 74
83 6
23 38
54 96
44 93
7 1
97 84
13 13
21 15
14 82
61 84
51 2
71 89
65 31
63 58
58 74
13 92
62 47
71 50
7 3
96 31
35 14
24 86
79 83
3 87
66 87
77 9
60 67
71 30
3 92
67 61
2 13
0 51
55 89
78 68
20 11
38 50
41 18
45 33
20 76
1 51
26 47
0 77
55 22
X
84 32
37 62
49 77
31 3
26 25
30 2
19 5
38 94
89 28
74 75
19 90
2 73
46 75
78 3
74 48
33 88
66 92
10 42
65 60
65 37
6 39
62 59
14 66
60 3
34 64
92 5
33 36
9 42
31 23
91 1
39 2
52 59
63 56
94 12
23 54
11 76
28 7
40 74
59 79
55 83
23 81
69 78
77 44
24 22
7 37
13 19
67 83
28 85
98 95
96 76
51 3
15 17
30 66
7 71
89 52
45 63
55 80
5 93
29 3
74 37
16 47
22 8
81 79
71 92
57 2
34 50
68 11
7 70
52 98
10 24
15 50
12 75
3 35
92 43
83 75
80 89
77 72
80 44
65 45
29 35
11 48
39 49
73 79
18 13
77 98
9 78
84 12
28 29
54 97
30 60
25 82
61 54
60 17
12 37
60 92
47 67
54 17
59 6
81 20
66 41
33 74
97 69
20 21
85 68
98 12
33 20
17 13
40 86
12 71
81 44
67 54
42 23
4 35
6 28
70 94
77 92
16 25
37 96
15 42
83 24
90 54
26 39
45 28
61 57
50 66
51 61
54 22
94 30
53 58
56 65
6 53
20 83
28 21
88 18
56 54
91 73
75 45
80 63
95 88
28 25
89 20
77 20
33 37
54 28
56 84
54 76
7 92
81 74
35 70
12 47
34 81
48 52
52 81
56 32
52 25
4 68
97 19
22 79
19 55
73 0
73 23
5 0
21 33
63 65
96 80
38 80
82 95
7 53
57 71
59 74
71 93
60 37
30 83
97 66
88 51
29 21
19 75
73 13
26 53
70 58
0 97
42 15
18 98
2 65
42 67
78 60
55 15
19 59
8 44
37 23
62 91
70 7
55 49
4 77
49 76
2 77
77 54
67 92
72 9
83 57
82 58
28 5
82 89
61 46
87 4
5 21
89 26
86 15
77 81
29 18
50 46
50 81
1 85
31 55
37 0
45 87
73 98
1 55
19 44
19 89
27 62
17 81
65 43
20 54
58 15
17 51
69 3
22 12
54 13
47 23
84 24
90 91
40 90
38 43
96 37
13 9
4 21
55 76
0 96
24 57
94 10
26 61
48 88
54 47
96 13
21 35
0 11
64 71
20 94
37 97
39 54
51 75
26 68
14 17
13 78
20 3
54 37
89 50
48 87
47 36
71 76
51 33
91 54
0 57
56 93
91 77
77 64
45 11
46 63
19 70
23 58
74 73
11 49
94 74
67 46
54 20
82 83
18 81
81 89
59 54
14 38
95 49
2 82
46 10
6 24
30 24
94 29
94 93
58 79
59 53
71 29
21 82
21 11
69 2
14 59
45 44
48 78
80 8
66 8
81 84
41 77
96 54
43 39
28 51
33 94
88 87
15 7
10 66
86 23
47 39
59 95
91 50
41 94
89 18
4 52
59 11
81 31
73 17
35 84
97 80
91 74
44 9
77 94
15 15
22 45
49 42
58 9
52 96
37 53
39 80
61 49
26 58
7 67
60 26
9 81
36 23
42 89
81 78
68 79
50 33
22 19
12 19
18 60
80 32
68 62
84 33
73 87
1 0
16 21
54 95
17 74
10 90
2 83
32 86
53 39
17 52
51 57
25 7
97 79
82 93
54 73
62 8
37 81
40 49
24 72
53 24
11 62
88 94
78 34
26 67
6 22
10 74
77 12
40 37
72 85
59 48
33 81
64 19
21 27
59 2
92 12
64 11
7 15
48 58
84 89
52 15
50 69
89 33
58 2
69 71
96 93
5 2
28 17
74 38
42 2
98 33
22 2
96 50
83 64
8 42
68 88
69 74
45 77
24 47
86 11
11 94
42 9
22 22
72 39
34 68
51 22
26 36
39 87
63 26
3 93
65 50
34 18
37 98
95 87
1 30
72 73
79 86
59 17
84 62
61 39
10 13
43 81
33 89
82 35
44 71
58 56
6 37
50 58
81 83
47 53
47 45
10 44
51 63
91 65
9 56
64 46
21 70
83 68
7 38
38 16
22 60
15 61
6 43
20 75
48 20
93 33
49 91
66 22
97 91
41 91
92 39
43 8
98 13
84 73
12 10
35 68
23 60
57 63
46 61
9 66
80 23
64 2
7 40
26 74
70 28
44 75
12 30
45 53
9 69
98 17
73 18
32 59
89 41
14 63
88 7
26 5
95 25
4 6
69 39
54 31
46 44
15 49
88 80
57 53
16 59
56 91
37 70
25 45
78 19
14 5
1 69
93 13
72 75
48 66
79 1
73 39
28 30
86 29
76 91
55 2
29 98
27 32
72 45
1 82
93 83
42 12
86 80
59 94
76 94
55 48
50 87
55 26
67 24
29 55
16 27
71 80
49 61
14 29
23 50
84 80
13 95
26 8
16 84
35 36
11 9
44 42
65 84
36 37
18 57
72 44
58 61
92 6
23 73
16 57
9 68
58 78
30 9
40 83
18 16
45 79
89 36
13 45
46 93
23 30
37 63
82 57
57 31
1 73
11 28
19 7
64 9
98 46
85 10
35 60
47 66
7 19
85 78
82 67
50 30
83 7
6 15
29 22
6 9
98 8
82 39
48 11
75 8
14 48
15 9
30 36
35 21
78 16
84 8
4 4
42 74
44 95
1 56
0 52
0 63
75 52
96 10
58 38
96 91
62 67
27 80
8 8
29 47
7 65
74 24
41 35
90 45
71 71
55 27
96 92
22 1
59 63
35 89
37 60
4 86
84 19
27 23
16 11
95 68
64 28
40 3
54 85
6 35
6 76
9 87
93 51
50 37
82 66
42 86
64 66
38 18
79 4
87 77
23 45
59 33
85 66
7 74
95 42
74 34
56 71
76 49
37 83
38 65
16 53
85 13
10 23
28 75
57 78
24 42
27 81
46 62
98 3
39 16
59 56
43 80
38 45
39 79
25 55
98 94
37 68
70 49
32 60
16 19
62 77
13 39
68 89
16 24
90 52
91 43
77 36
88 45
73 2
19 6
44 81
52 44
37 85
47 9
77 49
91 27
88 46
55 10
26 89
62 30
58 92
8 35
45 51
16 74
19 83
11 23
67 17
17 70
65 88
52 83
30 18
87 31
85 34
13 29
70 55
25 86
40 42
90 64
27 65
52 82
77 1
21 92
43 14
73 85
23 55
1 76
7 48
28 16
80 85
10 85
46 54
20 20
62 40
34 63
28 23
53 63
66 20
95 79
40 45
67 76
79 21
5 30
32 94
8 86
76 77
22 5
94 63
38 71
45 61
16 95
75 78
14 92
93 37
37 32
58 10
71 63
48 21
93 79
74 84
12 4
57 14
98 54
90 85
59 25
48 80
12 60
78 58
24 80
1 63
60 18
6 38
64 76
20 38
59 84
53 68
8 83
85 92
59 22
58 59
76 2
74 98
65 32
3 90
9 45
66 50
37 6
24 3
41 65
82 22
82 70
3 70
61 72
13 27
39 61
40 41
10 63
95 24
39 60
98 4
54 24
17 92
48 32
82 75
58 18
88 16
17 89
79 33
66 54
10 56
49 66
0 73
51 81
97 39
53 52
69 65
29 82
26 15
51 40
89 55
34 13
94 32
95 71
33 35
48 47
15 57
50 59
28 59
59 23
23 59
3 64
98 69
66 57
15 38
36 77
36 41
50 39
18 6
15 26
52 9
30 21
26 7
31 6
55 87
32 34
94 78
15 20
71 9
30 47
28 45
6 27
82 54
40 35
77 84
9 6
53 57
97 41
46 37
54 39
26 30
50 24
25 92
36 65
34 55
89 51
50 70
67 75
42 77
95 32
55 73
35 33
48 62
14 58
62 89
81 2
26 10
55 40
38 93
73 81
27 31
58 6
32 71
79 54
35 18
83 97
6 67
21 30
43 67
97 33
79 64
42 83
34 38
62 38
78 24
26 97
32 20
25 60
8 68
3 29
51 18
48 86
33 62
72 55
11 82
32 21
73 63
98 26
23 24
67 23
76 19
98 65
83 12
82 84
94 13
47 87
4 2
39 22
81 60
53 46
97 12
22 75
6 41
48 18
14 55
27 49
31 56
12 39
96 33
85 74
38 30
4 74
33 31
96 22
7 5
67 91
95 6
83 80
38 60
94 5
71 61
19 43
95 80
35 74
54 82
9 23
33 63
72 48
90 74
36 68
21 38
85 65
4 31
22 87
23 64
25 58
20 46
13 93
12 85
73 97
74 63
45 49
48 8
97 23
71 72
60 69
88 12
25 43
25 36
21 41
8 85
65 89
57 13
98 96
37 57
95 37
78 86
22 62
28 64
45 21
6 79
50 96
73 8
93 76
50 89
12 34
39 55
43 82
74 40
70 89
57 38
30 80
98 24
67 25
24 71
91 19
11 39
37 64
56 0
37 19
15 76
73 77
47 69
90 86
36 15
51 43
93 41
19 96
90 57
56 58
50 61
11 26
89 5
26 21
35 24
22 18
6 3
12 87
76 12
74 41
42 37
90 71
85 55
35 65
17 64
44 15
8 67
77 38
29 67
75 94
38 46
25 11
37 13
30 55
37 12
28 19
20 77
25 83
67 93
52 75
74 91
6 10
82 2
37 43
38 6
19 60
28 9
32 48
39 37
49 94
41 74
47 58
26 27
X
23 8
53 69
92 3
92 33
89 78
15 39
43 90
64 75
2 32
1 53
65 28
53 37
6 11
0 9
85 23
36 79
60 59
12 49
57 22
68 92
82 40
88 26
51 80
6 23
43 30
17 29
36 44
4 59
38 52
94 25
66 31
8 6
94 45
70 57
77 78
39 84
54 48
77 68
98 81
66 2
93 81
89 44
2 91
44 76
2 92
52 4
8 48
68 31
45 86
26 38
59 57
26 26
4 13
84 76
64 62
73 73
95 28
95 46
90 25
46 87
62 79
71 37
20 4
75 31
69 56
56 5
8 63
50 86
18 18
61 83
14 27
48 70
6 77
42 68
65 51
86 20
90 92
23 84
50 90
22 80
4 19
72 36
37 41
26 88
36 83
78 53
27 3
59 15
15 8
70 21
34 92
57 26
60 25
30 45
37 16
78 56
88 8
15 60
25 89
14 71
58 72
13 53
44 84
66 27
17 57
38 63
41 40
84 22
90 58
53 7
16 51
40 69
93 68
43 31
84 69
32 19
46 19
70 50
10 33
3 71
54 93
9 38
98 89
65 4
62 36
48 96
53 40
23 92
38 21
60 6
5 68
46 5
29 74
89 35
94 69
89 43
79 72
30 14
21 66
7 91
62 37
40 44
82 55
7 36
59 81
18 42
12 42
82 32
37 28
61 40
49 27
35 45
4 11
4 47
89 97
62 28
87 87
72 93
40 51
87 64
68 70
53 2
49 85
55 78
30 78
23 79
62 70
60 72
56 67
94 22
48 2
93 94
51 30
44 46
4 83
18 14
65 93
97 10
87 94
49 52
91 51
29 84
11 85
92 34
9 19
55 47
36 47
12 36
76 51
41 83
79 49
26 35
13 22
78 44
17 50
50 51
8 2
26 59
26 23
49 75
16 18
78 47
38 41
33 42
44 97
68 55
37 21
51 17
28 14
75 32
48 34
25 31
72 46
24 52
18 8
71 33
7 41
66 43
35 40
8 39
75 13
79 89
76 81
19 93
3 86
91 93
26 82
16 56
3 76
59 73
53 96
52 47
62 80
48 92
7 84
21 44
54 7
96 25
38 75
66 74
83 48
21 76
18 78
6 88
39 66
90 69
76 89
7 59
67 47
41 21
43 7
45 94
42 75
45 75
24 87
53 15
50 28
43 92
24 23
89 22
52 17
9 86
22 52
75 50
80 70
17 19
4 27
80 86
56 82
73 55
89 63
10 62
75 10
47 86
47 42
65 5
87 30
48 68
16 22
0 45
61 48
34 31
65 73
47 49
5 64
21 98
1 13
50 85
71 25
85 76
50 52
93 67
51 73
46 36
1 23
18 63
6 4
36 7
31 80
55 86
33 27
81 98
96 21
X
36 91
47 80
15 33
93 24
54 2
55 52
43 91
16 69
35 22
87 8
2 69
65 82
1 9
57 93
43 87
22 77
90 15
74 10
79 60
62 35
23 53
50 53
84 64
19 23
40 73
28 76
56 49
10 49
71 78
98 93
91 83
90 68
37 50
93 40
93 29
25 49
13 54
34 86
68 22
90 40
69 91
45 83
73 45
17 72
64 93
49 78
1 94
54 80
7 66
81 0
3 53
49 5
36 14
63 30
1 15
34 47
62 65
59 65
67 72
37 86
6 74
2 60
53 12
44 7
28 43
95 91
89 68
40 57
40 46
97 27
53 1
81 16
25 25
28 8
79 44
40 88
89 74
53 93
90 36
15 0
64 7
26 81
25 47
65 96
40 67
10 92
98 82
X
55 71
67 50
87 19
18 52
72 57
19 22
17 15
92 89
91 71
20 39
47 24
11 64
87 32
81 58
74 58
11 43
97 21
83 35
97 86
95 15
30 41
47 82
85 44
3 49
88 6
92 88
50 5
49 82
80 69
18 17
53 83
10 28
49 21
86 14
46 89
14 20
69 20
35 38
39 50
82 24
22 64
13 73
98 44
90 31
8 77
71 56
46 46
49 68
59 76
46 65
87 86
10 94
50 91
87 92
4 84
51 77
18 56
58 93
38 25
66 59
32 75
56 51
88 66
4 80
69 95
78 38
55 50
70 90
8 80
41 93
46 56
77 28
62 26
14 95
78 95
37 42
42 14
31 42
45 14
72 18
57 72
19 40
26 32
29 10
64 61
3 1
49 37
32 25
66 95
48 49
14 96
75 63
18 41
56 89
20 1
31 63
32 38
3 19
43 3
52 53
13 64
76 98
54 0
87 23
70 4
44 21
9 39
31 16
72 26
3 15
57 56
16 89
3 16
90 84
6 63
63 43
85 59
54 84
12 13
3 21
80 4
31 89
96 9
59 70
51 59
33 33
26 18
35 67
53 85
41 68
53 49
82 12
88 93
33 69
32 13
18 3
73 32
92 68
13 63
20 22
89 34
69 73
39 95
17 2
93 3
85 77
86 73
2 11
25 5
24 70
87 63
5 35
20 35
56 10
X
94 11
26 3
45 36
20 43
58 98
12 41
12 2
83 1
4 58
66 84
13 15
32 39
26 6
27 9
24 30
27 8
76 0
41 60
87 45
86 46
81 36
93 82
38 56
92 51
2 72
86 12
63 81
84 35
95 4
49 17
30 40
74 60
36 24
61 24
40 6
56 53
41 82
41 23
27 57
82 88
25 21
7 12
64 63
2 29
57 87
57 64
6 70
65 6
83 34
93 64
45 58
54 23
73 76
96 27
47 93
43 83
15 56
47 50
66 89
32 79
41 1
97 85
65 76
3 17
59 80
79 90
3 56
40 14
58 53
82 97
10 69
22 53
79 29
78 70
68 77
14 73
63 27
48 48
74 78
19 69
14 4
90 21
92 2
35 23
4 95
22 14
17 11
93 38
57 52
20 67
78 32
15 22
70 71
73 25
25 97
12 93
48 28
38 17
48 55
78 36
39 0
27 29
45 96
57 75
97 38
46 96
2 19
35 0
49 63
77 35
70 41
5 29
88 57
43 95
86 45
14 57
9 46
21 12
2 25
9 64
94 58
71 82
7 47
30 25
88 31
63 47
69 94
11 29
16 68
28 10
0 53
67 16
48 14
89 98
55 70
84 82
63 92
33 34
68 72
51 72
76 92
91 7
4 60
82 23
62 56
94 19
38 36
89 42
20 81
80 58
65 23
90 56
24 89
93 72
23 74
78 45
89 77
66 33
50 20
92 30
36 57
87 55
6 93
4 96
92 74
59 85
53 36
74 27
86 7
66 10
16 6
40 68
57 68
18 10
41 76
32 54
53 20
24 35
49 40
14 11
86 34
59 67
63 3
75 0
61 62
55 54
85 50
35 64
23 97
12 45
42 43
60 48
86 82
20 52
46 9
82 96
7 72
51 68
70 22
7 18
37 37
19 18
65 61
62 72
82 21
44 92
55 90
28 70
48 30
6 80
58 3
64 95
68 61
13 24
61 11
92 0
29 25
91 91
13 56
55 13
4 25
44 61
73 22
24 58
49 8
35 48
13 34
34 69
65 7
69 52
49 22
95 2
54 32
43 2
86 22
18 33
74 18
52 48
21 34
23 27
26 64
82 94
85 72
10 40
95 86
24 78
12 66
48 7
80 15
93 14
60 28
89 24
92 96
73 46
51 35
35 76
72 53
14 61
2 67
88 96
39 27
55 11
85 56
25 78
82 38
28 1
66 56
69 23
1 35
84 57
31 66
97 7
58 68
27 11
35 11
80 59
57 95
64 48
7 49
24 43
50 74
39 63
5 52
27 75
83 89
7 97
14 37
55 4
31 90
32 29
25 75
54 46
87 74
52 57
95 55
31 18
68 49
15 87
2 76
11 71
46 34
97 54
26 80
92 37
42 82
67 42
54 3
95 69
8 19
41 47
42 49
79 68
72 94
50 54
72 88
25 24
73 42
73 80
70 45
11 24
83 25
8 16
64 94
92 28
59 64
62 90
52 35
57 24
23 39
11 41
13 97
21 19
44 1
5 19
68 32
49 47
64 55
10 27
72 33
49 69
61 88
6 81
85 83
5 4
63 16
43 29
29 46
14 3
19 82
98 92
10 3
70 97
43 19
37 44
45 90
64 26
5 39
70 36
81 49
7 93
67 60
22 6
1 91
38 77
5 9
31 1
9 77
22 93
82 19
96 71
13 74
44 56
38 66
20 63
91 14
86 30
48 65
27 1
63 48
20 10
32 66
91 85
69 5
94 86
37 52
73 9
92 55
46 47
55 56
82 91
37 80
52 72
16 54
35 8
33 51
42 48
32 98
64 85
21 24
6 29
24 21
89 92
40 20
49 80
83 90
39 19
88 35
93 21
39 38
30 10
36 40
79 50
89 69
3 26
78 33
63 93
1 24
61 2
4 16
23 25
77 77
53 97
83 5
98 25
47 14
1 57
70 5
64 60
11 42
42 57
64 44
44 33
67 32
51 56
55 33
63 41
78 83
93 16
65 70
10 57
88 81
3 73
53 0
88 3
3 81
21 69
55 31
25 20
36 84
9 49
32 33
89 83
38 26
47 1
38 87
23 21
1 14
42 11
55 75
8 76
14 21
34 37
82 8
20 25
41 79
70 38
84 23
9 12
16 29
84 21
63 52
76 76
68 16
82 47
53 21
7 21
96 81
32 35
87 67
5 50
56 81
36 16
35 86
32 91
79 32
98 0
95 40
12 35
29 31
35 93
55 39
28 26
69 66
24 39
57 9
42 21
55 28
15 80
91 95
8 78
6 14
22 96
87 5
87 57
79 46
44 53
90 67
17 58
91 36
27 45
7 54
46 30
71 43
6 59
65 9
9 76
93 35
84 36
47 71
9 59
55 93
39 39
20 59
93 12
76 35
10 86
70 13
76 29
17 56
41 63
93 56
59 27
57 94
74 86
38 48
22 16
38 8
42 45
77 22
47 27
7 82
41 46
79 55
37 30
34 79
43 54
75 71
56 78
37 51
52 54
19 35
58 95
38 76
11 73
54 43
39 23
89 0
46 41
32 6
75 92
45 66
81 9
22 73
26 79
54 71
70 24
78 12
96 43
82 1
6 48
58 60
47 19
59 45
40 40
62 76
98 79
64 81
25 18
23 41
17 93
32 23
81 28
97 62
67 88
77 58
15 11
41 54
5 3
19 76
29 71
24 69
55 62
64 12
22 47
8 27
26 75
88 11
8 84
21 13
82 7
23 19
6 45
58 75
28 34
42 76
37 95
53 53
66 19
9 55
56 62
77 86
71 79
16 26
59 82
83 21
15 4
95 92
23 78
38 35
10 2
57 79
95 94
80 95
47 46
96 24
70 52
96 53
47 43
9 22
28 61
91 68
1 45
2 27
62 61
11 30
18 53
84 40
85 70
30 28
4 70
16 12
25 33
19 45
54 94
23 56
22 59
26 14
43 73
23 34
58 22
67 8
61 80
75 48
47 63
73 30
8 64
49 4
15 47
91 5
27 89
73 88
32 51
29 57
3 31
63 77
91 30
81 69
10 54
49 34
77 61
90 16
79 37
X
25 67
40 2
29 73
56 79
14 84
30 32
73 58
24 41
35 58
49 67
21 7
52 23
15 84
60 90
55 72
88 17
29 43
12 68
92 93
83 46
47 88
68 3
90 34
54 79
62 73
61 94
25 61
75 88
91 22
44 27
87 14
39 74
17 78
43 89
97 49
85 37
17 61
88 64
36 76
74 71
38 61
47 62
43 55
85 53
82 9
66 94
52 80
13 26
63 54
30 5
95 30
79 20
67 52
44 79
18 21
10 35
45 34
30 22
81 18
2 1
2 12
90 35
13 83
74 97
2 80
93 60
12 98
75 36
42 60
40 47
93 59
86 32
69 4
8 22
72 58
97 46
88 89
44 5
4 67
16 77
20 32
79 34
45 26
46 76
19 41
37 35
60 70
86 35
13 17
49 29
15 37
36 31
49 30
11 25
48 38
14 49
13 18
80 60
56 12
26 55
56 2
42 6
30 50
58 17
41 85
40 53
68 17
1 60
43 69
95 43
37 29
75 49
22 81
6 65
80 31
73 5
96 85
18 34
74 77
71 2
2 96
53 75
98 64
61 25
71 10
66 73
43 56
58 91
1 88
94 90
13 82
79 31
40 33
81 8
12 70
18 90
3 55
47 15
64 27
29 89
97 90
38 42
33 29
79 63
5 17
79 96
66 28
44 34
30 69
6 8
95 29
29 96
9 85
38 84
28 32
8 90
35 56
75 81
68 21
57 60
91 84
49 50
84 5
94 54
96 63
19 68
92 62
89 17
57 45
97 47
2 87
71 8
42 22
97 95
86 86
20 82
74 94
24 91
40 50
12 88
5 12
16 66
59 90
87 71
66 18
73 27
71 95
79 85
45 60
86 9
15 62
31 47
32 87
93 2
32 89
75 73
79 69
41 14
94 38
5 34
91 70
70 27
77 62
9 83
16 35
74 61
51 79
3 7
68 87
10 45
74 32
97 13
20 44
78 78
31 69
80 36
15 24
0 46
14 85
37 55
83 4
3 24
27 86
15 58
75 80
22 85
4 20
81 14
17 48
47 29
54 50
66 96
1 92
38 96
30 46
23 69
9 97
26 83
31 45
5 31
37 67
85 7
65 58
67 53
85 6
10 47
15 97
58 81
84 20
97 83
34 19
59 47
51 8
38 90
3 91
26 98
64 38
56 46
21 61
24 24
11 12
50 76
85 19
92 57
13 36
35 73
72 20
32 92
23 28
30 23
36 87
72 14
41 89
49 88
69 81
15 19
38 85
80 67
23 61
39 85
6 61
55 23
83 98
21 78
38 44
78 11
26 54
53 51
27 76
4 42
95 0
27 7
64 43
91 62
39 76
38 91
61 93
2 63
46 51
2 88
8 46
6 44
86 43
64 24
18 11
26 4
65 30
67 73
94 81
27 22
17 77
9 79
10 48
93 77
27 85
8 7
96 82
95 13
8 17
31 8
10 98
40 10
14 74
83 39
3 88
88 56
52 90
96 40
36 60
53 16
9 32
34 85
9 9
41 55
29 51
34 59
86 59
16 2
92 95
70 82
23 95
13 46
12 90
2 35
87 76
51 55
96 77
96 2
48 91
47 76
66 98
9 18
50 77
21 93
14 70
24 20
45 67
16 90
47 22
65 86
76 22
57 4
76 56
73 34
12 38
57 37
39 20
54 15
40 17
75 62
91 58
63 66
3 54
14 93
39 35
25 17
20 56
25 52
93 71
18 43
10 19
21 23
92 36
29 78
81 13
38 83
71 13
38 57
96 38
31 75
26 86
84 92
93 39
94 61
2 81
58 86
38 95
16 3
35 37
8 15
24 48
84 52
53 84
4 26
20 40
82 56
18 35
35 57
6 87
76 18
13 8
27 48
44 88
28 71
25 70
91 38
40 52
1 61
25 6
87 18
39 89
72 22
79 92
52 8
64 39
75 65
56 39
4 44
6 75
38 59
29 32
55 55
16 76
14 10
16 78
66 46
71 24
54 72
43 15
55 94
74 85
96 86
95 61
67 82
71 44
88 55
47 11
86 13
31 67
3 58
80 96
93 55
39 56
81 71
30 1
81 72
32 77
43 9
67 43
69 79
14 2
44 38
45 54
76 54
14 56
44 82
26 45
69 46
57 65
48 27
36 42
4 45
8 98
86 4
87 40
72 35
4 89
X
43 77
95 23
67 59
86 52
5 67
88 82
53 76
31 22
5 94
80 49
15 94
32 47
53 48
48 54
7 35
92 69
98 39
9 93
66 29
53 78
25 42
85 22
48 75
68 50
49 15
69 8
25 34
48 51
98 62
75 34
49 33
85 17
70 26
4 34
67 37
21 97
11 89
12 12
39 70
2 70
8 3
68 43
79 47
78 93
58 55
30 89
18 9
16 50
69 82
64 98
84 68
97 82
69 48
21 62
46 95
34 51
83 50
88 58
44 6
98 22
72 96
10 83
54 26
43 49
55 92
72 51
46 14
36 20
48 72
34 62
28 60
24 33
88 33
18 91
18 73
9 71
86 8
93 32
84 75
0 64
30 67
61 70
87 29
33 59
46 59
30 0
59 72
32 16
46 16
28 84
77 80
33 82
10 60
45 76
95 45
80 97
88 50
76 21
54 64
30 34
45 71
5 45
13 94
87 12
91 46
98 30
32 80
47 79
39 33
69 59
21 10
X
53 19
84 87
3 74
12 96
81 73
57 40
26 44
50 19
39 88
36 17
13 98
28 77
8 65
80 56
1 10
86 6
52 46
18 68
32 93
62 71
51 6
24 68
34 15
78 96
43 74
77 31
35 80
7 87
37 17
26 60
29 66
49 65
68 52
91 66
62 94
33 78
30 6
57 27
84 61
92 19
25 85
86 60
82 5
76 44
19 95
42 3
25 40
74 76
97 26
91 37
70 96
90 94
44 67
1 59
83 49
76 16
44 77
26 87
69 96
73 20
60 84
31 40
18 82
19 64
81 68
49 23
49 74
52 63
29 34
52 61
27 73
50 11
34 22
95 83
0 13
21 67
8 11
17 41
39 52
27 4
45 7
96 3
5 96
55 24
22 46
72 60
5 13
25 91
68 37
71 65
X
X
43 72
54 41
3 38
50 36
54 40
28 28
13 55
90 62
49 38
96 55
1 52
60 62
84 39
22 7
59 75
19 19
67 87
47 38
66 24
30 42
77 46
48 71
55 61
16 88
68 54
9 14
24 32
27 47
39 65
91 56
5 98
47 91
11 16
71 77
17 49
74 36
6 82
94 34
8 54
41 41
8 31
75 60
22 92
88 44
44 20
12 86
9 33
39 5
65 81
87 34
36 95
92 41
88 13
77 85
9 20
76 15
77 43
94 94
23 44
69 28
40 96
92 60
8 92
5 25
80 29
95 56
22 56
98 53
7 23
3 98
15 48
22 67
35 41
31 0
98 91
54 53
73 54
2 26
83 93
22 91
82 17
14 81
51 85
70 12
10 88
31 81
33 43
55 38
X
40 55
45 30
72 31
90 5
70 37
41 84
64 80
40 34
X
88 23
49 16
62 83
66 70
25 54
69 67
91 12
54 77
75 56
92 4
71 91
42 58
12 21
10 18
17 10
14 65
9 65
85 60
10 15
42 88
X
10 87
64 10
40 82
10 9
85 32
44 17
31 19
36 58
85 31
7 79
97 81
8 82
52 64
88 52
67 2
22 34
53 72
46 15
50 29
38 82
5 85
29 48
0 81
10 75
12 82
X
7 28
17 66
2 98
76 85
80 91
51 5
19 54
81 90
80 11
60 36
66 63
95 3
51 7
48 95
17 88
93 89
19 16
8 88
42 44
50 18
19 67
97 40
92 64
42 87
34 48
50 55
91 69
9 8
35 59
11 74
18 54
83 70
83 10
35 15
6 68
63 28
96 56
78 28
56 72
22 43
84 95
41 88
77 48
7 52
57 20
X
17 90
90 59
92 53
85 91
4 56
97 22
44 19
63 82
22 66
40 36
38 67
18 0
9 84
62 41
93 11
71 97
77 88
75 70
41 62
81 75
94 79
6 25
61 76
83 78
14 54
32 65
83 8
37 22
98 74
43 13
27 46
29 19
24 27
39 64
74 29
6 7
43 70
18 12
69 38
39 29
83 16
26 40
23 82
2 94
46 81
43 50
27 27
74 6
24 31
8 36
4 12
83 84
95 9
26 49
23 83
35 95
60 76
80 21
74 39
98 84
8 26
72 13
50 80
57 76
94 56
94 57
6 16
24 18
4 63
33 79
57 10
0 58
24 49
86 21
48 24
11 58
91 35
8 56
39 15
19 66
76 17
41 2
42 18
92 38
76 43
78 91
46 43
18 26
38 22
65 12
53 95
22 41
14 34
24 44
29 44
51 91
75 58
83 28
82 50
11 90
92 63
88 95
12 92
4 22
13 50
66 90
86 87
46 4
13 44
60 60
44 55
4 9
14 53
75 64
2 51
44 66
96 39
6 5
42 69
90 72
53 38
1 43
27 79
57 39
49 19
6 69
85 64
96 19
86 56
31 38
7 9
82 51
55 7
3 60
19 58
38 81
80 12
14 36
59 41
12 55
28 79
36 33
74 0
47 35
36 71
51 95
72 70
95 5
15 90
59 89
23 3
63 36
66 21
7 33
24 46
39 48
46 58
59 86
12 61
6 1
51 49
79 88
81 97
15 63
3 96
21 58
63 84
70 66
48 81
97 96
74 56
75 25
49 24
40 16
94 24
79 22
17 22
24 92
2 24
91 86
61 9
92 23
87 83
56 95
10 20
67 79
97 63
36 70
93 70
22 23
61 75
5 37
5 49
82 69
58 47
43 32
56 22
47 81
44 83
91 96
1 29
7 81
77 93
54 70
51 23
27 53
0 47
42 20
33 46
21 65
86 85
25 87
79 81
X
39 96
1 77
79 9
91 55
90 39
40 38
68 81
7 96
82 77
8 79
68 53
36 43
26 42
89 90
64 64
73 62
67 10
4 54
74 23
73 53
72 24
25 59
84 74
76 41
29 33
62 75
57 62
52 30
64 1
59 55
87 37
49 35
13 20
44 26
23 5
32 17
14 94
48 17
25 77
15 70
94 39
65 40
87 56
42 50
67 78
2 23
2 34
82 68
94 0
87 9
50 42
68 94
5 32
66 86
94 73
46 60
96 0
8 34
39 92
36 92
21 43
16 17
54 52
76 90
56 15
48 76
60 2
17 80
8 75
36 26
47 13
72 40
76 79
66 88
74 50
95 26
35 71
3 6
43 88
82 26
64 45
80 75
47 51
38 89
24 90
11 20
3 39
14 87
65 19
59 59
13 58
88 32
64 17
48 41
90 37
86 33
78 2
22 65
34 34
53 42
15 83
50 56
42 84
46 80
35 13
39 62
85 29
67 40
8 37
48 42
80 14
22 94
12 22
12 94
61 67
40 19
91 67
71 47
65 18
74 89
46 88
50 2
48 79
93 62
31 48
31 36
12 59
83 74
6 97
94 43
1 46
57 59
37 89
76 59
31 28
97 1
58 11
32 18
9 48
76 75
24 56
40 89
0 70
65 29
38 74
13 70
66 75
49 62
39 1
54 42
33 93
62 78
69 58
77 63
49 79
33 47
58 34
51 71
45 39
95 36
13 25
88 91
20 15
52 65
37 73
72 8
69 44
4 28
64 29
54 11
83 69
64 82
75 43
16 41
84 59
14 28
20 92
43 23
20 30
70 30
21 47
87 16
67 4
8 23
32 26
3 33
95 89
52 16
60 57
81 10
36 11
78 59
66 91
36 27
11 1
53 5
11 10
49 64
3 97
70 3
76 88
20 71
95 54
64 40
74 46
27 13
14 47
97 9
63 31
2 47
24 11
81 70
15 69
63 12
73 10
29 8
31 17
4 41
64 25
3 45
57 98
1 58
15 54
16 7
12 40
2 97
30 94
36 64
77 50
90 24
21 68
22 40
73 44
3 80
51 10
81 23
26 31
43 64
24 93
44 91
27 5
35 17
61 35
93 22
44 49
90 43
50 82
21 77
27 68
83 77
15 18
58 65
X
84 47
58 76
62 12
45 62
67 51
48 19
41 39
33 45
66 61
36 81
74 31
5 5
31 35
71 42
40 39
98 86
34 40
95 33
18 64
61 23
93 30
88 86
8 72
59 88
44 94
23 20
40 7
12 83
36 74
25 41
92 56
25 98
83 92
53 22
47 77
20 74
38 62
29 24
69 54
38 11
50 3
26 46
55 21
18 44
8 4
85 67
4 78
94 36
24 74
67 9
30 44
72 68
X
41 56
6 20
21 1
47 65
39 31
7 6
27 69
11 68
89 38
89 1
5 42
77 76
97 0
25 93
6 55
56 61
57 47
68 82
59 36
37 33
47 37
53 60
17 8
90 96
97 34
41 49
32 32
15 75
4 33
32 70
23 4
42 17
76 36
X
82 34
22 61
57 29
42 80
53 79
44 29
78 87
41 70
32 15
25 50
9 44
20 9
39 32
6 30
34 82
40 24
45 85
44 32
9 80
8 10
22 54
48 15
26 91
83 33
21 4
50 35
46 48
53 81
78 66
49 13
41 9
97 56
47 96
24 61
45 5
49 55
14 12
71 59
17 75
X
97 15
11 36
42 13
65 63
25 81
29 1
98 32
19 77
89 16
59 35
46 50
70 81
8 14
1 66
14 79
18 45
54 51
92 45
55 44
33 92
76 4
7 89
17 79
50 50
63 86
22 63
93 4
54 59
6 56
58 66
25 27
49 81
42 70
51 92
45 17
51 41
73 21
54 78
41 87
29 41
83 81
3 67
0 67
15 82
10 89
72 10
28 33
80 33
58 16
17 68
28 68
7 60
37 14
5 71
42 81
77 42
19 14
0 66
47 18
63 19
27 61
79 7
65 74
60 47
12 64
61 74
15 1
21 3
19 9
72 50
67 5
77 90
41 22
79 19
63 45
19 91
42 85
70 54
4 29
11 15
45 78
10 43
90 13
8 81
96 48
55 91
43 96
11 87
47 94
69 32
60 23
94 68
57 86
60 24
32 55
24 73
35 26
47 34
20 95
31 41
78 75
34 67
53 23
94 91
34 58
79 13
62 81
16 4
5 43
36 63
75 1
80 28
4 85
89 49
81 21
11 11
33 85
43 11
14 60
56 20
37 65
15 21
63 6
88 24
44 40
57 84
44 8
43 6
11 27
23 71
60 77
39 30
87 93
34 7
16 80
26 9
3 68
23 40
62 6
56 41
86 81
56 88
8 43
20 17
84 83
26 24
52 79
77 3
36 66
85 8
83 87
85 38
19 10
63 29
61 64
86 10
71 54
34 33
41 59
94 3
34 20
33 68
51 19
60 39
81 17
87 88
35 51
82 92
38 97
14 76
96 1
12 65
41 13
57 32
84 18
42 39
72 38
76 50
24 9
48 82
47 12
69 47
39 34
73 96
37 79
81 93
94 35
66 62
84 63
13 75
98 15
64 86
53 89
80 25
24 76
13 91
62 15
45 15
45 32
89 66
53 62
26 43
52 42
8 9
60 41
25 44
21 79
91 0
30 97
78 9
76 60
46 32
63 94
X
46 94
72 21
2 10
21 55
96 46
66 9
40 48
52 33
21 74
X
7 90
72 42
91 39
61 52
80 71
30 51
52 40
84 37
16 73
22 35
22 20
12 44
27 84
18 40
71 28
15 74
81 47
6 34
32 78
35 79
43 22
27 67
10 64
29 26
26 13
75 16
95 1
65 92
45 27
17 1
0 59
41 50
79 8
25 88
89 40
68 26
63 79
33 60
53 44
73 29
84 16
4 97
24 67
98 16
29 45
16 34
51 48
76 64
18 79
78 52
10 70
87 42
83 19
62 39
17 26
27 66
52 2
60 0
27 40
54 10
24 77
35 85
78 50
98 67
86 77
58 23
54 60
39 58
87 96
51 69
48 16
49 72
86 24
16 1
92 59
62 55
58 25
26 50
79 28
25 76
22 68
42 90
8 94
93 66
76 14
66 80
65 56
63 67
81 46
43 10
21 42
97 71
56 57
39 36
96 41
52 50
95 62
92 14
16 0
41 73
94 2
86 76
0 22
73 78
44 35
76 72
42 92
18 2
62 16
82 82
87 20
68 56
18 25
32 82
47 92
95 38
95 95
26 48
97 37
38 51
53 87
62 50
68 95
86 38
98 47
83 65
56 86
69 61
53 64
74 96
88 90
55 16
72 1
54 88
59 10
75 38
46 77
40 59
95 63
52 5
63 61
47 72
61 27
9 95
16 96
35 87
48 39
23 12
29 79
17 25
11 13
75 76
7 76
71 55
37 46
24 81
5 84
78 88
14 26
21 54
37 15
62 17
81 53
70 67
65 71
90 14
9 10
9 40
26 77
38 34
25 37
45 12
14 50
35 75
16 28
75 93
77 40
48 67
66 42
49 93
78 22
90 18
16 40
36 48
94 82
81 12
78 67
26 29
22 33
51 70
34 35
78 69
2 55
69 93
85 30
58 84
13 10
77 53
97 53
56 44
22 72
29 56
43 35
33 39
17 24
36 19
64 42
78 8
X
83 9
18 1
59 69
14 16
69 6
63 98
44 87
16 42
70 74
20 29
48 29
81 95
48 3
92 86
50 40
34 60
97 25
95 76
3 18
83 32
57 55
95 48
21 91
59 24
71 90
2 64
36 61
28 53
85 11
89 71
71 31
39 71
11 70
17 95
30 75
54 19
53 66
9 43
48 93
46 13
60 64
18 97
27 43
20 78
96 72
39 73
67 80
79 79
76 20
38 55
63 55
20 16
94 9
69 50
70 62
12 58
53 4
5 22
44 10
68 91
25 66
49 71
77 30
5 48
23 93
49 56
72 61
21 85
85 41
96 20
31 68
52 74
58 64
88 71
9 16
62 64
78 64
13 12
94 80
56 4
44 80
83 14
84 4
90 60
25 29
61 91
X
X
X
79 84
64 96
18 19
X
64 59
4 51
27 74
94 83
X
53 59
X
X
17 40
X
X
X
63 35
44 37
53 65
X
80 30
36 52
X
X
98 68
74 53
X
X
X
94 46
X
89 53
X
X
X
58 21
59 92
63 75
X
11 91
10 68
X
X
94 27
X
X
X
X
82 74
41 92
X
X
8 96
X
X
38 33
21 28
X
52 56
X
X
90 63
X
58 80
29 50
X
49 57
30 39
6 26
X
83 86
X
59 40
46 64
77 91
22 95
4 50
36 49
X
X
X
X
X
20 70
5 33
78 31
69 83
X
69 53
X
68 80
X
27 90
X
6 21
24 75
90 65
20 72
X
X
1 68
67 70
2 86
X
92 22
85 51
44 58
61 47
21 21
X
X
X
67 26
22 44
31 93
65 69
32 3
X
X
76 78
42 36
X
53 28
13 23
63 76
X
67 55
X
21 2
X
X
X
35 63
60 85
X
84 78
X
X
83 61
72 89
67 45
X
X
28 80
36 50
90 46
45 24
56 42
21 17
38 37
X
1 72
65 90
86 3
X
11 56
74 21
X
X
X
X
X
96 57
X
X
X
X
X
81 86
22 13
X
11 54
X
17 54
42 63
X
4 49
X
X
14 7
56 69
61 26
52 60
X
X
3 12
69 55
41 75
X
X
X
X
10 37
18 59
29 4
67 39
X
7 7
76 87
X
37 77
75 91
X
43 59
52 91
23 90
11 61
X
8 30
28 57
93 69
X
17 14
67 63
55 88
X
70 32
X
X
57 34
X
91 16
74 8
X
77 24
13 14
X
X
6 42
13 89
25 84
X
X
X
80 54
11 22
54 63
X
X
27 60
79 61
X
X
X
59 38
31 92
30 26
85 35
91 63
X
X
95 70
X
67 57
X
X
75 21
X
56 94
X
48 77
X
X
71 34
X
42 5
X
17 20
96 49
48 56
7 10
61 29
8 91
37 87
X
39 82
28 50
X
37 92
X
48 31
55 19
X
X
55 82
61 65
13 40
63 38
45 40
X
12 7
X
35 19
1 64
20 55
14 88
X
X
X
X
73 43
95 64
98 51
X
65 62
X
X
62 9
62 51
45 37
82 20
X
81 66
50 67
X
X
70 8
43 53
X
27 98
12 25
60 71
X
X
0 98
59 71
53 18
X
X
X
66 37
98 31
X
47 7
6 40
67 22
58 85
X
5 61
0 15
94 55
X
8 93
95 39
X
X
42 10
56 29
20 27
74 87
21 94
X
X
23 47
X
77 17
X
X
31 26
X
17 7
77 56
87 38
X
15 64
X
23 35
X
73 35
X
1 48
19 71
21 29
39 51
31 71
75 72
X
X
28 42
20 62
79 15
56 9
X
X
75 33
47 60
58 57
85 25
87 80
30 43
X
X
37 66
X
78 79
97 59
6 90
X
X
79 5
76 93
33 87
8 57
47 52
9 60
24 95
X
82 48
X
80 22
26 41
67 41
13 16
17 6
83 95
X
79 10
18 27
54 21
X
X
67 74
44 96
X
X
54 86
65 49
14 69
X
20 14
36 45
61 85
X
X
5 51
X
X
38 1
59 96
49 14
44 90
17 5
90 0
68 98
28 74
X
44 54
28 78
43 1
X
75 46
70 46
55 32
5 87
X
X
39 21
X
X
X
76 23
X
X
X
X
X
X
51 50
28 72
X
98 78
X
X
X
81 96
X
90 76
0 50
41 10
X
58 54
X
35 92
X
X
71 52
X
X
X
91 44
86 53
X
X
51 34
X
54 1
X
X
X
X
82 25
X
51 86
X
X
X
X
79 87
X
77 21
X
91 20
X
38 31
18 62
76 71
57 23
X
X
62 93
70 20
X
16 92
X
X
66 40
53 74
X
X
X
33 38
40 12
40 25
X
27 78
X
38 68
95 77
8 40
27 41
26 78
X
80 65
X
12 1
65 65
72 72
X
20 42
10 93
74 64
88 53
X
66 66
X
X
53 80
X
23 72
X
X
X
X
32 31
79 14
X
X
X
94 37
X
X
X
X
14 19
X
X
X
39 57
86 41
X
X
83 26
X
24 94
67 81
X
22 69
X
X
X
66 83
X
52 21
X
1 97
X
18 75
X
X
83 40
X
35 10
87 7
29 37
X
85 80
X
X
X
X
X
X
29 97
52 73
X
X
X
X
42 24
46 33
27 21
55 79
17 96
52 18
51 51
X
19 80
X
24 53
X
X
15 77
90 26
X
1 27
35 49
X
X
88 41
4 71
57 90
X
13 87
73 16
X
X
96 89
X
33 26
96 36
X
X
76 66
80 93
14 18
40 77
77 89
X
X
27 64
3 30
41 67
X
X
50 72
23 37
X
X
70 95
X
X
27 58
33 66
80 1
58 4
41 48
X
77 45
73 59
52 51
31 86
X
X
49 12
48 45
11 86
32 41
10 17
34 65
X
X
8 12
48 60
X
30 37
85 20
26 76
X
4 3
33 11
X
66 34
X
X
64 72
X
43 28
97 43
31 32
61 77
86 18
39 11
85 52
X
51 25
X
X
69 68
X
X
44 50
X
20 41
X
59 66
60 29
87 35
X
X
61 89
21 72
27 82
74 22
15 34
80 47
36 86
52 6
34 88
87 44
X
3 32
X
47 70
81 25
41 38
10 32
35 62
50 7
81 48
13 86
X
1 19
X
46 21
27 83
9 25
X
87 46
12 46
30 30
X
27 91
84 79
X
36 72
X
90 51
39 97
X
22 30
92 70
26 12
X
9 67
29 75
71 70
60 53
43 37
X
X
91 4
88 2
40 23
X
7 80
X
5 74
X
22 42
X
39 90
69 22
87 52
70 80
93 78
63 7
6 94
X
X
0 95
X
X
84 65
X
X
17 84
X
27 14
X
35 39
X
X
6 85
X
18 28
73 86
55 85
X
15 71
20 58
48 50
X
X
25 53
57 33
X
33 17
69 90
28 91
54 90
83 67
X
10 21
10 67
X
28 83
X
X
28 58
X
X
13 61
34 41
48 85
41 57
4 69
13 79
X
X
X
47 28
62 88
X
24 36
X
3 27
15 27
X
56 33
X
X
X
X
X
43 62
61 36
60 56
15 96
50 48
X
38 0
95 78
X
24 6
39 17
4 76
31 39
X
50 79
91 98
24 84
68 42
24 26
90 17
X
31 25
94 92
76 24
X
X
91 34
X
32 2
X
X
X
78 15
X
X
28 49
X
76 28
X
36 30
X
X
X
X
17 91
11 59
X
X
86 37
77 51
X
40 60
97 57
X
5 90
8 49
23 7
5 55
X
83 94
X
70 44
31 94
X
24 59
44 60
X
X
97 92
53 61
7 4
63 25
X
X
47 6
X
5 97
X
X
X
X
X
X
94 77
8 47
X
53 17
0 69
98 50
93 27
X
77 13
X
80 92
30 86
19 57
X
55 5
54 83
X
X
54 58
96 26
45 43
75 30
42 78
84 1
2 59
96 32
X
X
45 82
0 68
58 7
X
61 53
X
X
X
X
X
X
X
13 59
X
13 77
38 58
X
65 8
20 73
X
37 36
94 70
X
39 68
X
X
X
88 5
95 47
X
5 20
29 42
X
86 42
X
X
26 28
88 28
X
13 33
54 38
17 16
X
55 46
X
X
X
74 92
23 75
X
X
X
77 47
4 94
58 26
X
31 2
97 67
X
52 52
X
78 35
71 32
75 51
79 75
42 95
X
X
X
91 92
18 71
96 11
57 73
X
65 48
7 2
X
12 6
X
X
80 45
70 31
71 7
19 73
56 52
10 84
X
78 14
67 77
X
78 82
23 2
73 95
42 7
X
87 49
87 85
30 15
X
40 9
X
X
34 95
26 73
36 62
83 38
39 45
X
95 14
X
76 53
X
X
X
90 70
X
X
X
X
64 49
X
50 62
93 91
82 31
87 3
X
89 62
6 98
X
29 81
81 85
8 41
X
X
62 25
X
6 84
65 17
69 72
2 49
94 44
X
X
X
17 17
96 45
11 69
15 53
X
46 18
33 64
X
X
X
15 91
56 31
18 5
15 10
36 88
44 48
X
2 0
27 39
31 57
X
X
57 51
X
11 8
8 50
51 4
X
X
X
56 87
53 45
39 53
94 59
X
X
47 59
18 65
11 33
95 65
X
43 94
5 10
X
36 73
X
39 44
X
77 67
X
87 43
X
X
25 30
33 18
27 34
86 54
X
77 69
60 86
X
11 72
29 68
X
X
X
X
68 24
72 47
98 71
86 83
88 83
X
82 73
X
85 16
X
X
92 92
X
30 98
X
X
16 81
X
